{
    "animation": [
        {
            "name": "Root",
            "time": [0.0, 0.0167, 0.0333, 0.05, 0.0667, 0.0833, 0.1, 0.1167, 0.1333, 0.15, 0.1667, 0.1833, 0.2, 0.2167, 0.2333, 0.25, 0.2667, 0.2833, 0.3, 0.3167, 0.3333, 0.35, 0.3667, 0.3833, 0.4, 0.4167, 0.4333, 0.45, 0.4667, 0.4833, 0.5, 0.5167, 0.5333, 0.55, 0.5667, 0.5833, 0.6, 0.6167, 0.6333, 0.65, 0.6667, 0.6833, 0.7, 0.7167, 0.7333, 0.75, 0.7667, 0.7833, 0.8, 0.8167, 0.8333, 0.85, 0.8667, 0.8833, 0.9, 0.9167, 0.9333, 0.95, 0.9667, 0.9833, 1.0, 1.0167, 1.0333, 1.05, 1.0667, 1.0833, 1.1, 1.1167, 1.1333, 1.15, 1.1667, 1.1833, 1.2, 1.2167, 1.2333, 1.25, 1.2667, 1.2833, 1.3, 1.3167, 1.3333, 1.35, 1.3667, 1.3833, 1.4, 1.4167, 1.4333, 1.45, 1.4667, 1.4833, 1.5, 1.5167, 1.5333, 1.55, 1.5667, 1.5833, 1.6, 1.6167, 1.6333, 1.65, 1.6667, 1.6833, 1.7, 1.7167, 1.7333, 1.75, 1.7667, 1.7833, 1.8, 1.8167, 1.8333, 1.85, 1.8667, 1.8833, 1.9, 1.9167, 1.9333, 1.95, 1.9667, 1.9833, 2.0, 2.0167, 2.0333, 2.05, 2.0667, 2.0833, 2.1, 2.1167, 2.1333, 2.15, 2.1667, 2.1833, 2.2, 2.2167, 2.2333, 2.25, 2.2667, 2.2833, 2.3, 2.3167, 2.3333, 2.35, 2.3667, 2.3833, 2.4, 2.4167, 2.4333, 2.45, 2.4667],
            "transform": [
                [0.708169, -0.080555, -0.701433, -0.004857, -0.702167, -0.184316, -0.687743, 0.005223, -0.073884, 0.97956, -0.18709, 0.709693, 0.0, 0.0, 0.0, 1.0],
                [0.708169, -0.080555, -0.701433, -0.004857, -0.702167, -0.184316, -0.687743, 0.005223, -0.073884, 0.97956, -0.18709, 0.709693, 0.0, 0.0, 0.0, 1.0],
                [0.633073, -0.00198, -0.774089, -0.030143, -0.756583, -0.213065, -0.618211, -0.102574, -0.163707, 0.977036, -0.136384, 0.649826, 0.0, 0.0, 0.0, 1.0],
                [0.542278, 0.07868, -0.836507, -0.056005, -0.801414, -0.250565, -0.543096, -0.210589, -0.25233, 0.964897, -0.072821, 0.587212, 0.0, 0.0, 0.0, 1.0],
                [0.447193, 0.146873, -0.882296, -0.080642, -0.833535, -0.289336, -0.470643, -0.318394, -0.324405, 0.945893, -0.006965, 0.529859, 0.0, 0.0, 0.0, 1.0],
                [0.36416, 0.191083, -0.911523, -0.102242, -0.855025, -0.31941, -0.408547, -0.425525, -0.369216, 0.928151, 0.047064, 0.485832, 0.0, 0.0, 0.0, 1.0],
                [0.321046, 0.206373, -0.924305, -0.118667, -0.867094, -0.328465, -0.374512, -0.523407, -0.380891, 0.921694, 0.073493, 0.45867, 0.0, 0.0, 0.0, 1.0],
                [0.307777, 0.202271, -0.92971, -0.131444, -0.875906, -0.321362, -0.359882, -0.615055, -0.371567, 0.925102, 0.078263, 0.44366, 0.0, 0.0, 0.0, 1.0],
                [0.283122, 0.190084, -0.940059, -0.144234, -0.889567, -0.31432, -0.331472, -0.717385, -0.358487, 0.930092, 0.080101, 0.436501, 0.0, 0.0, 0.0, 1.0],
                [0.204747, 0.180818, -0.961969, -0.160673, -0.911052, -0.324107, -0.254831, -0.847316, -0.357859, 0.928579, 0.098374, 0.432897, 0.0, 0.0, 0.0, 1.0],
                [-0.055526, 0.153525, -0.986584, -0.194228, -0.92411, -0.382054, -0.007442, -1.085354, -0.37807, 0.911299, 0.163088, 0.445284, 0.0, 0.0, 0.0, 1.0],
                [-0.345177, 0.113236, -0.931682, -0.219037, -0.854509, -0.448475, 0.262078, -1.321561, -0.38816, 0.886593, 0.251565, 0.466368, 0.0, 0.0, 0.0, 1.0],
                [-0.503469, 0.103589, -0.857781, -0.215666, -0.769884, -0.504407, 0.390964, -1.449699, -0.392171, 0.85723, 0.333705, 0.480644, 0.0, 0.0, 0.0, 1.0],
                [-0.626302, 0.097827, -0.773419, -0.204194, -0.676088, -0.562103, 0.476387, -1.550861, -0.388138, 0.821261, 0.418185, 0.494559, 0.0, 0.0, 0.0, 1.0],
                [-0.727764, 0.082538, -0.680843, -0.188886, -0.576627, -0.611088, 0.542284, -1.637726, -0.371296, 0.787247, 0.492322, 0.507051, 0.0, 0.0, 0.0, 1.0],
                [-0.816905, 0.046659, -0.574882, -0.17393, -0.466771, -0.638977, 0.611419, -1.72295, -0.338808, 0.767809, 0.543763, 0.517119, 0.0, 0.0, 0.0, 1.0],
                [-0.890325, -0.003594, -0.455311, -0.159686, -0.345889, -0.644971, 0.68145, -1.810873, -0.296111, 0.764199, 0.57299, 0.525466, 0.0, 0.0, 0.0, 1.0],
                [-0.942568, -0.054867, -0.329477, -0.144134, -0.220528, -0.638629, 0.737238, -1.897374, -0.250864, 0.767556, 0.589852, 0.533405, 0.0, 0.0, 0.0, 1.0],
                [-0.974518, -0.105261, -0.198081, -0.12784, -0.091176, -0.62094, 0.778537, -1.982416, -0.204946, 0.776758, 0.59552, 0.540872, 0.0, 0.0, 0.0, 1.0],
                [-0.986278, -0.153219, -0.061488, -0.111373, 0.041975, -0.592915, 0.804171, -2.065961, -0.159671, 0.790554, 0.59121, 0.547799, 0.0, 0.0, 0.0, 1.0],
                [-0.977065, -0.197395, 0.079872, -0.095305, 0.178627, -0.555593, 0.81204, -2.147983, -0.115917, 0.807683, 0.578111, 0.554118, 0.0, 0.0, 0.0, 1.0],
                [-0.945185, -0.236562, 0.225087, -0.080214, 0.317984, -0.510085, 0.799187, -2.228455, -0.074244, 0.826954, 0.557347, 0.559762, 0.0, 0.0, 0.0, 1.0],
                [-0.888101, -0.269542, 0.372324, -0.066681, 0.458316, -0.457606, 0.761934, -2.307361, -0.034995, 0.847316, 0.529936, 0.564667, 0.0, 0.0, 0.0, 1.0],
                [-0.802627, -0.295173, 0.518327, -0.055296, 0.59648, -0.399541, 0.696117, -2.384685, 0.001618, 0.867894, 0.496747, 0.568767, 0.0, 0.0, 0.0, 1.0],
                [-0.679115, -0.310485, 0.665133, -0.049943, 0.733208, -0.329864, 0.59464, -2.448449, 0.034776, 0.891509, 0.451666, 0.569868, 0.0, 0.0, 0.0, 1.0],
                [-0.508776, -0.310364, 0.803008, -0.051031, 0.858891, -0.246659, 0.448849, -2.499608, 0.058763, 0.91806, 0.392063, 0.567395, 0.0, 0.0, 0.0, 1.0],
                [-0.295789, -0.292643, 0.909323, -0.05398, 0.952769, -0.158985, 0.258756, -2.557533, 0.068846, 0.942912, 0.325848, 0.563735, 0.0, 0.0, 0.0, 1.0],
                [-0.052902, -0.259132, 0.964392, -0.054251, 0.996466, -0.076796, 0.034026, -2.641558, 0.065244, 0.962784, 0.262279, 0.561306, 0.0, 0.0, 0.0, 1.0],
                [0.223497, -0.203377, 0.953251, -0.050584, 0.973627, 0.000614, -0.228144, -2.771076, 0.045814, 0.9791, 0.19815, 0.562391, 0.0, 0.0, 0.0, 1.0],
                [0.506956, -0.12469, 0.852906, -0.045579, 0.861929, 0.063415, -0.503048, -2.931089, 0.008638, 0.990167, 0.139623, 0.565166, 0.0, 0.0, 0.0, 1.0],
                [0.737738, -0.047435, 0.673419, -0.040472, 0.674372, 0.097707, -0.731899, -3.08912, -0.03108, 0.994084, 0.10407, 0.565935, 0.0, 0.0, 0.0, 1.0],
                [0.884626, -0.000259, 0.466302, -0.036342, 0.463561, 0.108749, -0.879366, -3.212545, -0.050482, 0.994069, 0.096322, 0.56101, 0.0, 0.0, 0.0, 1.0],
                [0.964223, 0.007891, 0.264976, -0.03326, 0.262286, 0.116678, -0.95791, -3.298126, -0.038476, 0.993138, 0.110434, 0.550298, 0.0, 0.0, 0.0, 1.0],
                [0.997862, -0.006839, 0.064999, -0.030525, 0.065332, 0.132695, -0.989001, -3.367748, -0.001861, 0.991133, 0.132858, 0.536717, 0.0, 0.0, 0.0, 1.0],
                [0.991476, -0.031499, -0.126421, -0.027925, -0.120074, 0.155674, -0.980483, -3.426515, 0.050564, 0.987306, 0.150565, 0.521072, 0.0, 0.0, 0.0, 1.0],
                [0.950956, -0.054841, -0.304425, -0.02529, -0.290517, 0.179593, -0.939865, -3.479601, 0.106216, 0.982211, 0.154853, 0.504209, 0.0, 0.0, 0.0, 1.0],
                [0.882351, -0.068387, -0.465597, -0.022494, -0.445858, 0.195049, -0.873594, -3.532223, 0.150557, 0.978406, 0.141611, 0.487028, 0.0, 0.0, 0.0, 1.0],
                [0.791236, -0.067098, -0.607818, -0.019471, -0.587839, 0.190415, -0.786249, -3.589621, 0.168493, 0.979408, 0.11122, 0.470467, 0.0, 0.0, 0.0, 1.0],
                [0.680358, -0.059414, -0.730468, -0.016683, -0.717412, 0.149706, -0.680374, -3.645537, 0.149779, 0.986944, 0.059229, 0.453585, 0.0, 0.0, 0.0, 1.0],
                [0.553803, -0.060018, -0.830482, -0.014383, -0.826896, 0.077389, -0.557004, -3.694573, 0.0977, 0.995193, -0.00677, 0.435443, 0.0, 0.0, 0.0, 1.0],
                [0.419537, -0.070872, -0.904967, -0.012167, -0.907444, -0.007387, -0.420107, -3.743267, 0.023089, 0.997458, -0.067411, 0.416998, 0.0, 0.0, 0.0, 1.0],
                [0.285897, -0.087386, -0.954268, -0.009556, -0.956556, -0.085389, -0.278763, -3.798182, -0.057124, 0.992508, -0.108002, 0.399262, 0.0, 0.0, 0.0, 1.0],
                [0.159706, -0.099708, -0.982116, -0.00601, -0.9795, -0.139738, -0.145094, -3.865932, -0.122772, 0.985156, -0.119981, 0.383303, 0.0, 0.0, 0.0, 1.0],
                [0.045939, -0.0946, -0.994455, -0.000951, -0.987115, -0.157047, -0.03066, -3.953177, -0.153276, 0.98305, -0.100595, 0.370199, 0.0, 0.0, 0.0, 1.0],
                [-0.016986, -0.000409, -0.999856, 0.008983, -0.997646, -0.066433, 0.016976, -4.09823, -0.066431, 0.997791, 0.000721, 0.363402, 0.0, 0.0, 0.0, 1.0],
                [-0.003905, 0.16109, -0.986932, 0.023038, -0.994785, 0.099963, 0.020253, -4.294966, 0.101919, 0.981864, 0.15986, 0.36311, 0.0, 0.0, 0.0, 1.0],
                [0.016529, 0.263931, -0.9644, 0.035449, -0.980809, 0.191683, 0.035649, -4.483716, 0.194268, 0.945303, 0.262035, 0.366804, 0.0, 0.0, 0.0, 1.0],
                [-0.010708, 0.279267, -0.960154, 0.043709, -0.986159, 0.155933, 0.056352, -4.632041, 0.165457, 0.947468, 0.273732, 0.380095, 0.0, 0.0, 0.0, 1.0],
                [-0.05238, 0.255277, -0.965448, 0.049692, -0.995348, 0.064942, 0.071173, -4.77513, 0.080867, 0.964684, 0.250687, 0.398247, 0.0, 0.0, 0.0, 1.0],
                [-0.095188, 0.211836, -0.972659, 0.055174, -0.995235, -0.040973, 0.088474, -4.953261, -0.021111, 0.976446, 0.214726, 0.41425, 0.0, 0.0, 0.0, 1.0],
                [-0.130152, 0.178429, -0.975307, 0.057243, -0.987491, -0.111628, 0.111356, -5.099741, -0.089003, 0.9776, 0.190726, 0.426676, 0.0, 0.0, 0.0, 1.0],
                [-0.159953, 0.163258, -0.973531, 0.05504, -0.981673, -0.129819, 0.139521, -5.177862, -0.103604, 0.978005, 0.181031, 0.435334, 0.0, 0.0, 0.0, 1.0],
                [-0.188613, 0.153347, -0.970005, 0.051563, -0.977677, -0.122443, 0.170748, -5.235353, -0.092586, 0.980557, 0.173018, 0.44347, 0.0, 0.0, 0.0, 1.0],
                [-0.214369, 0.149314, -0.965272, 0.046583, -0.974087, -0.105638, 0.199986, -5.280445, -0.072108, 0.983131, 0.168091, 0.448019, 0.0, 0.0, 0.0, 1.0],
                [-0.235049, 0.150464, -0.960267, 0.039849, -0.970234, -0.095565, 0.222514, -5.321369, -0.058288, 0.983986, 0.168448, 0.445929, 0.0, 0.0, 0.0, 1.0],
                [-0.251705, 0.156544, -0.955059, 0.030796, -0.966276, -0.096071, 0.238915, -5.362482, -0.054353, 0.982987, 0.175447, 0.436719, 0.0, 0.0, 0.0, 1.0],
                [-0.266661, 0.166739, -0.949258, 0.019817, -0.962391, -0.099125, 0.252939, -5.401803, -0.05192, 0.981006, 0.186901, 0.423164, 0.0, 0.0, 0.0, 1.0],
                [-0.279694, 0.178841, -0.943285, 0.008088, -0.958798, -0.102972, 0.264771, -5.438054, -0.04978, 0.978475, 0.200273, 0.407109, 0.0, 0.0, 0.0, 1.0],
                [-0.290538, 0.190762, -0.937655, -0.003214, -0.955717, -0.1058, 0.27461, -5.469957, -0.046819, 0.975918, 0.213054, 0.390401, 0.0, 0.0, 0.0, 1.0],
                [-0.298851, 0.200512, -0.932997, -0.01291, -0.953375, -0.10577, 0.282648, -5.496233, -0.042008, 0.973965, 0.222773, 0.374888, 0.0, 0.0, 0.0, 1.0],
                [-0.304244, 0.206158, -0.930018, -0.01982, -0.951974, -0.101021, 0.289033, -5.515602, -0.034365, 0.97329, 0.226992, 0.36242, 0.0, 0.0, 0.0, 1.0],
                [-0.307459, 0.207997, -0.928551, -0.024448, -0.951266, -0.091509, 0.294483, -5.529154, -0.02372, 0.97384, 0.225995, 0.352336, 0.0, 0.0, 0.0, 1.0],
                [-0.309519, 0.207946, -0.927878, -0.028149, -0.95083, -0.078976, 0.299476, -5.539169, -0.011005, 0.974947, 0.222166, 0.34275, 0.0, 0.0, 0.0, 1.0],
                [-0.31044, 0.206497, -0.927893, -0.031031, -0.950588, -0.064247, 0.303735, -5.54617, 0.003106, 0.976336, 0.216239, 0.333678, 0.0, 0.0, 0.0, 1.0],
                [-0.310242, 0.20413, -0.928483, -0.033198, -0.950488, -0.048162, 0.307006, -5.550667, 0.017951, 0.977758, 0.208965, 0.325134, 0.0, 0.0, 0.0, 1.0],
                [-0.308934, 0.201321, -0.929532, -0.034759, -0.950515, -0.031573, 0.30907, -5.55318, 0.032874, 0.979016, 0.201113, 0.317133, 0.0, 0.0, 0.0, 1.0],
                [-0.306517, 0.198553, -0.930927, -0.035818, -0.950693, -0.01534, 0.309753, -5.554225, 0.047222, 0.97997, 0.193465, 0.309692, 0.0, 0.0, 0.0, 1.0],
                [-0.302975, 0.196312, -0.93256, -0.036481, -0.951086, -0.000328, 0.308925, -5.554318, 0.06034, 0.980541, 0.186809, 0.302828, 0.0, 0.0, 0.0, 1.0],
                [-0.29828, 0.1951, -0.934326, -0.036854, -0.951791, 0.012605, 0.306488, -5.553972, 0.071573, 0.980702, 0.181935, 0.296558, 0.0, 0.0, 0.0, 1.0],
                [-0.292403, 0.195433, -0.936112, -0.037044, -0.952922, 0.022605, 0.302372, -5.553707, 0.080254, 0.980456, 0.179623, 0.290901, 0.0, 0.0, 0.0, 1.0],
                [-0.285118, 0.197094, -0.93801, -0.036927, -0.954555, 0.030231, 0.296499, -5.553018, 0.086795, 0.979918, 0.179517, 0.285772, 0.0, 0.0, 0.0, 1.0],
                [-0.276364, 0.199446, -0.94013, -0.036351, -0.956629, 0.036671, 0.288993, -5.551171, 0.092114, 0.979222, 0.180662, 0.281083, 0.0, 0.0, 0.0, 1.0],
                [-0.266355, 0.202394, -0.942387, -0.035373, -0.959054, 0.04202, 0.28009, -5.548331, 0.096288, 0.978402, 0.182914, 0.276848, 0.0, 0.0, 0.0, 1.0],
                [-0.255309, 0.205841, -0.944694, -0.034055, -0.961737, 0.046377, 0.27002, -5.544663, 0.099393, 0.977486, 0.186124, 0.273079, 0.0, 0.0, 0.0, 1.0],
                [-0.243449, 0.209693, -0.946975, -0.032454, -0.964587, 0.049838, 0.259013, -5.540333, 0.101509, 0.976496, 0.190134, 0.269789, 0.0, 0.0, 0.0, 1.0],
                [-0.231001, 0.213854, -0.94916, -0.030629, -0.967516, 0.052501, 0.247297, -5.535506, 0.102718, 0.975454, 0.194779, 0.266992, 0.0, 0.0, 0.0, 1.0],
                [-0.218188, 0.218221, -0.951196, -0.028641, -0.970445, 0.05446, 0.235098, -5.530347, 0.103105, 0.974379, 0.199889, 0.264701, 0.0, 0.0, 0.0, 1.0],
                [-0.20524, 0.22269, -0.95304, -0.026549, -0.973302, 0.055804, 0.222642, -5.525022, 0.102763, 0.973291, 0.205292, 0.262929, 0.0, 0.0, 0.0, 1.0],
                [-0.192383, 0.227151, -0.954668, -0.024412, -0.976026, 0.05662, 0.210159, -5.519696, 0.101791, 0.972212, 0.210813, 0.261688, 0.0, 0.0, 0.0, 1.0],
                [-0.179844, 0.231487, -0.95607, -0.022289, -0.978569, 0.056991, 0.197875, -5.514534, 0.100293, 0.971167, 0.216277, 0.260992, 0.0, 0.0, 0.0, 1.0],
                [-0.167863, 0.235951, -0.957157, -0.020091, -0.980987, 0.055944, 0.185834, -5.509172, 0.097395, 0.970153, 0.222074, 0.260856, 0.0, 0.0, 0.0, 1.0],
                [-0.156375, 0.240815, -0.957891, -0.017702, -0.983364, 0.052793, 0.173805, -5.503243, 0.092425, 0.969134, 0.228553, 0.261276, 0.0, 0.0, 0.0, 1.0],
                [-0.14514, 0.245989, -0.958344, -0.015152, -0.985684, 0.048047, 0.161614, -5.496893, 0.085801, 0.968081, 0.235494, 0.262232, 0.0, 0.0, 0.0, 1.0],
                [-0.133916, 0.251372, -0.958582, -0.012468, -0.987923, 0.042216, 0.149085, -5.490277, 0.077943, 0.966969, 0.242683, 0.263706, 0.0, 0.0, 0.0, 1.0],
                [-0.12245, 0.256855, -0.958661, -0.009678, -0.990054, 0.035808, 0.136054, -5.483543, 0.069274, 0.965786, 0.249915, 0.265682, 0.0, 0.0, 0.0, 1.0],
                [-0.110482, 0.262319, -0.958636, -0.006809, -0.992052, 0.029332, 0.12236, -5.476845, 0.060216, 0.964535, 0.256994, 0.268141, 0.0, 0.0, 0.0, 1.0],
                [-0.097742, 0.267643, -0.958548, -0.00389, -0.993894, 0.023295, 0.10785, -5.470333, 0.051195, 0.963236, 0.263732, 0.271067, 0.0, 0.0, 0.0, 1.0],
                [-0.083953, 0.272693, -0.958431, -0.000949, -0.995557, 0.018203, 0.092384, -5.464156, 0.042638, 0.961929, 0.269953, 0.274441, 0.0, 0.0, 0.0, 1.0],
                [-0.068828, 0.277324, -0.958308, 0.001986, -0.997015, 0.014557, 0.07582, -5.458469, 0.034976, 0.960666, 0.275494, 0.278248, 0.0, 0.0, 0.0, 1.0],
                [-0.052078, 0.281372, -0.958185, 0.004887, -0.998232, 0.012854, 0.058029, -5.45342, 0.028644, 0.959513, 0.280205, 0.282471, 0.0, 0.0, 0.0, 1.0],
                [-0.033327, 0.286347, -0.957547, 0.007913, -0.999171, 0.012883, 0.038628, -5.449074, 0.023397, 0.95804, 0.28568, 0.287234, 0.0, 0.0, 0.0, 1.0],
                [-0.012663, 0.293211, -0.955964, 0.011183, -0.999747, 0.014087, 0.017564, -5.445309, 0.018617, 0.955944, 0.292958, 0.292621, 0.0, 0.0, 0.0, 1.0],
                [0.009514, 0.300966, -0.953587, 0.014604, -0.999854, 0.016409, -0.004796, -5.441996, 0.014204, 0.953494, 0.301078, 0.29856, 0.0, 0.0, 0.0, 1.0],
                [0.032813, 0.308621, -0.950619, 0.018088, -0.999411, 0.019746, -0.028087, -5.439009, 0.010103, 0.95098, 0.309087, 0.304979, 0.0, 0.0, 0.0, 1.0],
                [0.056852, 0.315199, -0.947321, 0.021541, -0.998363, 0.023944, -0.051948, -5.436222, 0.006308, 0.948723, 0.316044, 0.311806, 0.0, 0.0, 0.0, 1.0],
                [0.081252, 0.319739, -0.944015, 0.024874, -0.996689, 0.028791, -0.076035, -5.433507, 0.002868, 0.947068, 0.32102, 0.31897, 0.0, 0.0, 0.0, 1.0],
                [0.105642, 0.321298, -0.941067, 0.027995, -0.994404, 0.034024, -0.100013, -5.430742, -0.000116, 0.946367, 0.323095, 0.3264, 0.0, 0.0, 0.0, 1.0],
                [0.12965, 0.318947, -0.938863, 0.030813, -0.991557, 0.039328, -0.123567, -5.427804, -0.002488, 0.946956, 0.321353, 0.334024, 0.0, 0.0, 0.0, 1.0],
                [0.15291, 0.311759, -0.937777, 0.033238, -0.988232, 0.044347, -0.146394, -5.424567, -0.004052, 0.949126, 0.314871, 0.34177, 0.0, 0.0, 0.0, 1.0],
                [0.175043, 0.298799, -0.938125, 0.035177, -0.98455, 0.048693, -0.168196, -5.420912, -0.004577, 0.953073, 0.302706, 0.349565, 0.0, 0.0, 0.0, 1.0],
                [0.196672, 0.279851, -0.939683, 0.036878, -0.980464, 0.052914, -0.189448, -5.417196, -0.003295, 0.958584, 0.284791, 0.357278, 0.0, 0.0, 0.0, 1.0],
                [0.218519, 0.255788, -0.941712, 0.038616, -0.975833, 0.057578, -0.210798, -5.41379, 0.000302, 0.965017, 0.262188, 0.364868, 0.0, 0.0, 0.0, 1.0],
                [0.240314, 0.227324, -0.943702, 0.040342, -0.970676, 0.06233, -0.232169, -5.410598, 0.006043, 0.971822, 0.235637, 0.372391, 0.0, 0.0, 0.0, 1.0],
                [0.261794, 0.195218, -0.945174, 0.042009, -0.965026, 0.066858, -0.253484, -5.407516, 0.013707, 0.978478, 0.205894, 0.379905, 0.0, 0.0, 0.0, 1.0],
                [0.282712, 0.160282, -0.945719, 0.043569, -0.958929, 0.070891, -0.274646, -5.404445, 0.023022, 0.984522, 0.17374, 0.387468, 0.0, 0.0, 0.0, 1.0],
                [0.302864, 0.123373, -0.945015, 0.044976, -0.952439, 0.074204, -0.295556, -5.401282, 0.03366, 0.989582, 0.139979, 0.395141, 0.0, 0.0, 0.0, 1.0],
                [0.322096, 0.085396, -0.942848, 0.046183, -0.945625, 0.076622, -0.316105, -5.397926, 0.045249, 0.993397, 0.105432, 0.402986, 0.0, 0.0, 0.0, 1.0],
                [0.340317, 0.047286, -0.939121, 0.047144, -0.938559, 0.078014, -0.336186, -5.394272, 0.057368, 0.99583, 0.070931, 0.411065, 0.0, 0.0, 0.0, 1.0],
                [0.357507, 0.01, -0.933857, 0.04781, -0.931316, 0.078302, -0.355696, -5.390217, 0.069566, 0.99688, 0.037306, 0.419446, 0.0, 0.0, 0.0, 1.0],
                [0.373714, -0.025504, -0.927193, 0.048134, -0.923969, 0.077446, -0.374545, -5.385657, 0.08136, 0.99667, 0.005377, 0.428194, 0.0, 0.0, 0.0, 1.0],
                [0.389054, -0.058275, -0.91937, 0.048067, -0.916584, 0.075455, -0.392658, -5.380486, 0.092253, 0.995445, -0.024058, 0.437378, 0.0, 0.0, 0.0, 1.0],
                [0.403696, -0.087376, -0.910711, 0.04756, -0.909219, 0.072373, -0.409979, -5.3746, 0.101733, 0.993543, -0.050227, 0.44707, 0.0, 0.0, 0.0, 1.0],
                [0.417848, -0.111894, -0.9016, 0.046564, -0.901921, 0.068277, -0.42647, -5.36789, 0.109278, 0.991372, -0.072391, 0.45734, 0.0, 0.0, 0.0, 1.0],
                [0.431732, -0.130939, -0.892448, 0.045028, -0.894723, 0.063273, -0.442116, -5.360253, 0.114358, 0.989369, -0.089837, 0.468259, 0.0, 0.0, 0.0, 1.0],
                [0.445563, -0.144902, -0.883446, 0.042809, -0.887565, 0.057531, -0.457077, -5.351348, 0.117057, 0.987772, -0.102976, 0.480199, 0.0, 0.0, 0.0, 1.0],
                [0.459406, -0.155044, -0.87459, 0.03986, -0.880365, 0.051228, -0.471521, -5.341057, 0.11791, 0.986578, -0.112961, 0.49334, 0.0, 0.0, 0.0, 1.0],
                [0.473228, -0.161791, -0.865955, 0.036282, -0.873126, 0.04449, -0.485459, -5.329607, 0.11707, 0.985822, -0.12021, 0.507468, 0.0, 0.0, 0.0, 1.0],
                [0.486979, -0.165567, -0.857578, 0.032174, -0.86585, 0.037427, -0.498902, -5.317225, 0.114698, 0.985488, -0.12513, 0.522367, 0.0, 0.0, 0.0, 1.0],
                [0.500586, -0.166794, -0.849467, 0.027636, -0.858546, 0.030128, -0.511851, -5.304137, 0.110966, 0.985531, -0.128119, 0.537822, 0.0, 0.0, 0.0, 1.0],
                [0.513974, -0.165898, -0.841611, 0.022766, -0.851224, 0.022667, -0.524313, -5.290573, 0.106059, 0.985882, -0.129566, 0.553616, 0.0, 0.0, 0.0, 1.0],
                [0.52706, -0.163304, -0.83399, 0.017666, -0.843904, 0.015102, -0.536282, -5.276758, 0.100172, 0.98646, -0.129854, 0.569532, 0.0, 0.0, 0.0, 1.0],
                [0.539765, -0.15944, -0.826579, 0.012433, -0.836606, 0.007475, -0.547755, -5.262921, 0.093513, 0.987179, -0.129354, 0.585355, 0.0, 0.0, 0.0, 1.0],
                [0.552011, -0.154738, -0.819353, 0.007168, -0.829359, -0.000185, -0.558717, -5.24929, 0.086304, 0.987956, -0.128435, 0.600868, 0.0, 0.0, 0.0, 1.0],
                [0.563731, -0.149631, -0.812292, 0.001971, -0.822193, -0.007863, -0.569155, -5.236091, 0.078776, 0.988711, -0.127458, 0.615855, 0.0, 0.0, 0.0, 1.0],
                [0.574867, -0.144555, -0.805377, -0.00306, -0.815146, -0.015559, -0.579047, -5.223557, 0.071173, 0.989374, -0.126778, 0.630101, 0.0, 0.0, 0.0, 1.0],
                [0.585371, -0.139952, -0.798595, -0.007824, -0.808256, -0.023283, -0.588371, -5.211912, 0.063751, 0.989884, -0.126746, 0.643388, 0.0, 0.0, 0.0, 1.0],
                [0.595201, -0.136263, -0.791939, -0.012223, -0.801569, -0.031053, -0.597096, -5.201388, 0.05677, 0.990186, -0.127707, 0.655501, 0.0, 0.0, 0.0, 1.0],
                [0.604329, -0.13393, -0.785398, -0.016157, -0.795133, -0.038901, -0.605186, -5.19221, 0.0505, 0.990227, -0.130001, 0.666225, 0.0, 0.0, 0.0, 1.0],
                [0.612808, -0.132257, -0.779086, -0.01971, -0.788979, -0.046908, -0.612626, -5.184677, 0.044479, 0.990105, -0.133094, 0.675195, 0.0, 0.0, 0.0, 1.0],
                [0.620743, -0.130273, -0.773115, -0.023043, -0.783088, -0.055107, -0.619465, -5.17876, 0.038096, 0.989945, -0.136223, 0.682366, 0.0, 0.0, 0.0, 1.0],
                [0.628177, -0.128009, -0.767468, -0.026166, -0.777436, -0.063462, -0.625752, -5.174195, 0.031397, 0.98974, -0.139384, 0.688008, 0.0, 0.0, 0.0, 1.0],
                [0.635162, -0.125493, -0.762116, -0.029091, -0.771993, -0.071935, -0.631548, -5.17072, 0.024432, 0.989483, -0.14257, 0.692389, 0.0, 0.0, 0.0, 1.0],
                [0.641735, -0.122758, -0.757038, -0.031832, -0.766732, -0.080491, -0.636901, -5.168076, 0.01725, 0.989167, -0.145777, 0.695779, 0.0, 0.0, 0.0, 1.0],
                [0.647942, -0.119835, -0.752204, -0.034399, -0.761625, -0.089095, -0.641864, -5.165998, 0.0099, 0.988788, -0.148998, 0.698444, 0.0, 0.0, 0.0, 1.0],
                [0.653826, -0.116756, -0.747583, -0.036806, -0.756641, -0.097713, -0.646488, -5.164225, 0.002433, 0.988342, -0.15223, 0.700655, 0.0, 0.0, 0.0, 1.0],
                [0.659429, -0.113549, -0.743142, -0.039063, -0.75175, -0.106309, -0.650823, -5.162496, -0.005102, 0.987828, -0.155464, 0.70268, 0.0, 0.0, 0.0, 1.0],
                [0.664789, -0.110247, -0.738852, -0.041183, -0.746924, -0.114849, -0.654915, -5.160549, -0.012654, 0.987246, -0.158696, 0.704787, 0.0, 0.0, 0.0, 1.0],
                [0.66995, -0.106879, -0.734673, -0.043178, -0.742132, -0.1233, -0.658814, -5.158121, -0.020172, 0.986597, -0.161923, 0.707246, 0.0, 0.0, 0.0, 1.0],
                [0.67495, -0.103475, -0.730572, -0.04476, -0.737346, -0.131629, -0.662566, -5.155633, -0.027605, 0.985884, -0.165139, 0.709296, 0.0, 0.0, 0.0, 1.0],
                [0.679834, -0.100064, -0.726507, -0.045745, -0.732535, -0.1398, -0.666219, -5.153612, -0.034901, 0.985111, -0.168341, 0.710232, 0.0, 0.0, 0.0, 1.0],
                [0.684639, -0.096674, -0.722443, -0.046309, -0.727671, -0.147781, -0.669818, -5.151958, -0.042009, 0.984284, -0.171524, 0.710404, 0.0, 0.0, 0.0, 1.0],
                [0.689406, -0.093334, -0.718337, -0.046623, -0.722724, -0.155538, -0.673408, -5.150565, -0.048877, 0.983411, -0.174684, 0.710163, 0.0, 0.0, 0.0, 1.0],
                [0.694174, -0.090073, -0.714149, -0.046862, -0.717668, -0.163038, -0.677031, -5.149333, -0.055452, 0.9825, -0.177819, 0.709856, 0.0, 0.0, 0.0, 1.0],
                [0.698982, -0.086917, -0.709837, -0.047198, -0.712474, -0.170249, -0.680732, -5.148161, -0.061683, 0.98156, -0.180927, 0.709835, 0.0, 0.0, 0.0, 1.0],
                [0.702707, -0.084475, -0.706447, -0.047503, -0.708373, -0.175754, -0.683607, -5.147281, -0.066413, 0.980803, -0.183344, 0.709954, 0.0, 0.0, 0.0, 1.0],
                [0.704847, -0.082982, -0.704489, -0.047614, -0.705968, -0.179051, -0.685237, -5.146825, -0.069277, 0.980334, -0.184786, 0.709901, 0.0, 0.0, 0.0, 1.0],
                [0.706356, -0.08187, -0.703107, -0.047647, -0.704247, -0.181467, -0.686371, -5.146536, -0.071397, 0.979983, -0.185837, 0.709781, 0.0, 0.0, 0.0, 1.0],
                [0.708169, -0.080555, -0.701433, -0.047719, -0.702167, -0.184315, -0.687743, -5.146165, -0.073884, 0.97956, -0.18709, 0.709693, 0.0, 0.0, 0.0, 1.0],
                [0.708169, -0.080555, -0.701433, -0.047719, -0.702167, -0.184315, -0.687743, -5.146165, -0.073884, 0.97956, -0.18709, 0.709693, 0.0, 0.0, 0.0, 1.0]
            ]
        },
        {
            "name": "Thigh_R",
            "time": [0.0, 0.0167, 0.0333, 0.05, 0.0667, 0.0833, 0.1, 0.1167, 0.1333, 0.15, 0.1667, 0.1833, 0.2, 0.2167, 0.2333, 0.25, 0.2667, 0.2833, 0.3, 0.3167, 0.3333, 0.35, 0.3667, 0.3833, 0.4, 0.4167, 0.4333, 0.45, 0.4667, 0.4833, 0.5, 0.5167, 0.5333, 0.55, 0.5667, 0.5833, 0.6, 0.6167, 0.6333, 0.65, 0.6667, 0.6833, 0.7, 0.7167, 0.7333, 0.75, 0.7667, 0.7833, 0.8, 0.8167, 0.8333, 0.85, 0.8667, 0.8833, 0.9, 0.9167, 0.9333, 0.95, 0.9667, 0.9833, 1.0, 1.0167, 1.0333, 1.05, 1.0667, 1.0833, 1.1, 1.1167, 1.1333, 1.15, 1.1667, 1.1833, 1.2, 1.2167, 1.2333, 1.25, 1.2667, 1.2833, 1.3, 1.3167, 1.3333, 1.35, 1.3667, 1.3833, 1.4, 1.4167, 1.4333, 1.45, 1.4667, 1.4833, 1.5, 1.5167, 1.5333, 1.55, 1.5667, 1.5833, 1.6, 1.6167, 1.6333, 1.65, 1.6667, 1.6833, 1.7, 1.7167, 1.7333, 1.75, 1.7667, 1.7833, 1.8, 1.8167, 1.8333, 1.85, 1.8667, 1.8833, 1.9, 1.9167, 1.9333, 1.95, 1.9667, 1.9833, 2.0, 2.0167, 2.0333, 2.05, 2.0667, 2.0833, 2.1, 2.1167, 2.1333, 2.15, 2.1667, 2.1833, 2.2, 2.2167, 2.2333, 2.25, 2.2667, 2.2833, 2.3, 2.3167, 2.3333, 2.35, 2.3667, 2.3833, 2.4, 2.4167, 2.4333, 2.45, 2.4667],
            "transform": [
                [0.949232, 0.294855, 0.109631, 0.124994, 0.291603, -0.955482, 0.044961, -0.002831, 0.118008, -0.010709, -0.992955, -1.2e-05, 0.0, 0.0, 0.0, 1.0],
                [0.949232, 0.294855, 0.109631, 0.124994, 0.291603, -0.955482, 0.044961, -0.002831, 0.118008, -0.010709, -0.992955, -1.2e-05, 0.0, 0.0, 0.0, 1.0],
                [0.906382, 0.411422, -0.095934, 0.124994, 0.420531, -0.857009, 0.297805, -0.002831, 0.040308, -0.310269, -0.949794, -1.2e-05, 0.0, 0.0, 0.0, 1.0],
                [0.82873, 0.454187, -0.326986, 0.124994, 0.559584, -0.663679, 0.496382, -0.002831, 0.008436, -0.594343, -0.804167, -1.2e-05, 0.0, 0.0, 0.0, 1.0],
                [0.722142, 0.426203, -0.544851, 0.124994, 0.691067, -0.409625, 0.595511, -0.002831, 0.030624, -0.806572, -0.590342, -1.2e-05, 0.0, 0.0, 0.0, 1.0],
                [0.614184, 0.425044, -0.664918, 0.124994, 0.784325, -0.235615, 0.573864, -0.002831, 0.087253, -0.873969, -0.478083, -1.2e-05, 0.0, 0.0, 0.0, 1.0],
                [0.500817, 0.523385, -0.689384, 0.124994, 0.856297, -0.183428, 0.482814, -0.002831, 0.126245, -0.832119, -0.540037, -1.2e-05, 0.0, 0.0, 0.0, 1.0],
                [0.407388, 0.690217, -0.598026, 0.124994, 0.905675, -0.221142, 0.361731, -0.002831, 0.117424, -0.688982, -0.715203, -1.2e-05, 0.0, 0.0, 0.0, 1.0],
                [0.359424, 0.827501, -0.431343, 0.124994, 0.928916, -0.27316, 0.249997, -0.002831, 0.089047, -0.490536, -0.866859, -1.2e-05, 0.0, 0.0, 0.0, 1.0],
                [0.331169, 0.887748, -0.319734, 0.124994, 0.939205, -0.277575, 0.202103, -0.002831, 0.090666, -0.367226, -0.925702, -1.2e-05, 0.0, 0.0, 0.0, 1.0],
                [0.344801, 0.780738, -0.521115, 0.124994, 0.918199, -0.165205, 0.360024, -0.002831, 0.194994, -0.602624, -0.773836, -1.2e-05, 0.0, 0.0, 0.0, 1.0],
                [0.456554, 0.60725, -0.650235, 0.124994, 0.829357, -0.025918, 0.558118, -0.002831, 0.322064, -0.794088, -0.51546, -1.2e-05, 0.0, 0.0, 0.0, 1.0],
                [0.578068, 0.501044, -0.644043, 0.124994, 0.705117, 0.0905, 0.703292, -0.002831, 0.410667, -0.860676, -0.300979, -1.2e-05, 0.0, 0.0, 0.0, 1.0],
                [0.70934, 0.430158, -0.558392, 0.124994, 0.529373, 0.197955, 0.824971, -0.002831, 0.465404, -0.880783, -0.087297, -1.2e-05, 0.0, 0.0, 0.0, 1.0],
                [0.823029, 0.38757, -0.415226, 0.124994, 0.339526, 0.250358, 0.906666, -0.002831, 0.455351, -0.887193, 0.074462, -1.2e-05, 0.0, 0.0, 0.0, 1.0],
                [0.901524, 0.348172, -0.256962, 0.124994, 0.188273, 0.219074, 0.957371, -0.002831, 0.389624, -0.911473, 0.13195, -1.2e-05, 0.0, 0.0, 0.0, 1.0],
                [0.943909, 0.309397, -0.115367, 0.124994, 0.081657, 0.119817, 0.989432, -0.002831, 0.31995, -0.943354, 0.087832, -1.2e-05, 0.0, 0.0, 0.0, 1.0],
                [0.959212, 0.282658, 0.004071, 0.124994, -0.000518, -0.012644, 0.99992, -0.002831, 0.282687, -0.959138, -0.011982, -1.2e-05, 0.0, 0.0, 0.0, 1.0],
                [0.959653, 0.265867, 0.091549, 0.124994, -0.049432, -0.160995, 0.985717, -0.002831, 0.276808, -0.950471, -0.141356, -1.2e-05, 0.0, 0.0, 0.0, 1.0],
                [0.954822, 0.259083, 0.145571, 0.124994, -0.061445, -0.307148, 0.949676, -0.002831, 0.290757, -0.915716, -0.277352, -1.2e-05, 0.0, 0.0, 0.0, 1.0],
                [0.949606, 0.263553, 0.169672, 0.124994, -0.039813, -0.435508, 0.899304, -0.002831, 0.310908, -0.860739, -0.403068, -1.2e-05, 0.0, 0.0, 0.0, 1.0],
                [0.944808, 0.280254, 0.169691, 0.124994, 0.007381, -0.53602, 0.844173, -0.002831, 0.327541, -0.796329, -0.508504, -1.2e-05, 0.0, 0.0, 0.0, 1.0],
                [0.938894, 0.309013, 0.151618, 0.124994, 0.070399, -0.60357, 0.794196, -0.002831, 0.336929, -0.734992, -0.588442, -1.2e-05, 0.0, 0.0, 0.0, 1.0],
                [0.929714, 0.347993, 0.12055, 0.124994, 0.139592, -0.635886, 0.759054, -0.002831, 0.340801, -0.688875, -0.63977, -1.2e-05, 0.0, 0.0, 0.0, 1.0],
                [0.915408, 0.392585, 0.08891, 0.124994, 0.207479, -0.649461, 0.731542, -0.002831, 0.344936, -0.651212, -0.675974, -1.2e-05, 0.0, 0.0, 0.0, 1.0],
                [0.896565, 0.439002, 0.058717, 0.124994, 0.274253, -0.654356, 0.704701, -0.002831, 0.347787, -0.615707, -0.707071, -1.2e-05, 0.0, 0.0, 0.0, 1.0],
                [0.877907, 0.478537, 0.016772, 0.124994, 0.334115, -0.637292, 0.694425, -0.002831, 0.342997, -0.604037, -0.719369, -1.2e-05, 0.0, 0.0, 0.0, 1.0],
                [0.869938, 0.490992, -0.046199, 0.124994, 0.372704, -0.593214, 0.713575, -0.002831, 0.322953, -0.637984, -0.699054, -1.2e-05, 0.0, 0.0, 0.0, 1.0],
                [0.871219, 0.479922, -0.103204, 0.124994, 0.388535, -0.54565, 0.7425, -0.002831, 0.300029, -0.686979, -0.661848, -1.2e-05, 0.0, 0.0, 0.0, 1.0],
                [0.889602, 0.437202, -0.132147, 0.124994, 0.367331, -0.512917, 0.775876, -0.002831, 0.271434, -0.738762, -0.61689, -1.2e-05, 0.0, 0.0, 0.0, 1.0],
                [0.930567, 0.328434, -0.16179, 0.124994, 0.309205, -0.46837, 0.82766, -0.002831, 0.196054, -0.820219, -0.537404, -1.2e-05, 0.0, 0.0, 0.0, 1.0],
                [0.966125, 0.155154, -0.206229, 0.124994, 0.250039, -0.364877, 0.896853, -0.002831, 0.063902, -0.918037, -0.391311, -1.2e-05, 0.0, 0.0, 0.0, 1.0],
                [0.977781, -0.043744, -0.205014, 0.124994, 0.187348, -0.256419, 0.948235, -0.002831, -0.09405, -0.965575, -0.242526, -1.2e-05, 0.0, 0.0, 0.0, 1.0],
                [0.970849, -0.185533, -0.151759, 0.124994, 0.098559, -0.268142, 0.958324, -0.002831, -0.218493, -0.945345, -0.24204, -1.2e-05, 0.0, 0.0, 0.0, 1.0],
                [0.968443, -0.209233, -0.135423, 0.124994, 0.022335, -0.468311, 0.883281, -0.002831, -0.248232, -0.858432, -0.448859, -1.2e-05, 0.0, 0.0, 0.0, 1.0],
                [0.969143, -0.118549, -0.216118, 0.124994, 0.058043, -0.742351, 0.667492, -0.002831, -0.239567, -0.659439, -0.712564, -1.2e-05, 0.0, 0.0, 0.0, 1.0],
                [0.944834, 0.027113, -0.326426, 0.124994, 0.160535, -0.907, 0.389332, -0.002831, -0.285512, -0.420256, -0.861317, -1.2e-05, 0.0, 0.0, 0.0, 1.0],
                [0.89469, 0.176211, -0.410464, 0.124994, 0.275407, -0.941071, 0.196304, -0.002831, -0.351685, -0.288676, -0.890497, -1.2e-05, 0.0, 0.0, 0.0, 1.0],
                [0.829967, 0.265927, -0.490343, 0.124994, 0.39388, -0.901841, 0.177596, -0.002831, -0.394984, -0.340535, -0.853243, -1.2e-05, 0.0, 0.0, 0.0, 1.0],
                [0.768992, 0.330967, -0.546912, 0.124994, 0.502277, -0.842046, 0.196662, -0.002831, -0.395437, -0.425932, -0.813764, -1.2e-05, 0.0, 0.0, 0.0, 1.0],
                [0.712382, 0.377574, -0.591565, 0.124994, 0.602999, -0.760558, 0.240714, -0.002831, -0.359032, -0.528194, -0.769485, -1.2e-05, 0.0, 0.0, 0.0, 1.0],
                [0.659562, 0.44723, -0.604122, 0.124993, 0.693941, -0.671152, 0.26077, -0.002831, -0.288834, -0.591219, -0.753017, -1.2e-05, 0.0, 0.0, 0.0, 1.0],
                [0.627626, 0.48003, -0.612909, 0.124994, 0.751241, -0.579996, 0.315026, -0.002831, -0.204263, -0.65816, -0.724639, -1.2e-05, 0.0, 0.0, 0.0, 1.0],
                [0.62653, 0.444599, -0.64015, 0.124994, 0.768757, -0.487772, 0.413631, -0.002831, -0.128348, -0.751272, -0.647393, -1.2e-05, 0.0, 0.0, 0.0, 1.0],
                [0.707407, 0.324104, -0.628118, 0.124994, 0.705036, -0.386424, 0.594643, -0.002831, -0.049994, -0.8635, -0.501864, -1.2e-05, 0.0, 0.0, 0.0, 1.0],
                [0.821908, 0.178963, -0.540776, 0.124994, 0.569525, -0.240901, 0.78588, -0.002831, 0.01037, -0.953907, -0.299922, -1.2e-05, 0.0, 0.0, 0.0, 1.0],
                [0.877753, 0.103994, -0.467691, 0.124994, 0.477525, -0.110458, 0.871647, -0.002831, 0.038985, -0.988425, -0.146615, -1.2e-05, 0.0, 0.0, 0.0, 1.0],
                [0.855328, 0.074775, -0.512662, 0.124993, 0.518046, -0.111088, 0.848109, -0.002831, 0.006467, -0.990993, -0.133754, -1.2e-05, 0.0, 0.0, 0.0, 1.0],
                [0.797361, 0.08695, -0.597206, 0.124995, 0.602707, -0.165515, 0.780608, -0.002831, -0.030972, -0.982367, -0.18438, -1.2e-05, 0.0, 0.0, 0.0, 1.0],
                [0.748308, 0.150254, -0.646111, 0.124993, 0.662997, -0.201245, 0.721066, -0.002831, -0.021684, -0.967948, -0.250211, -1.2e-05, 0.0, 0.0, 0.0, 1.0],
                [0.72644, 0.227364, -0.648529, 0.124994, 0.68684, -0.208424, 0.696284, -0.002831, 0.023141, -0.951244, -0.30757, -1.2e-05, 0.0, 0.0, 0.0, 1.0],
                [0.7511, 0.303462, -0.58631, 0.124995, 0.649917, -0.183826, 0.737439, -0.002831, 0.116006, -0.934943, -0.335297, -1.2e-05, 0.0, 0.0, 0.0, 1.0],
                [0.789304, 0.376222, -0.485239, 0.124994, 0.57302, -0.167466, 0.802249, -0.002831, 0.220563, -0.911269, -0.347764, -1.2e-05, 0.0, 0.0, 0.0, 1.0],
                [0.821268, 0.43169, -0.373046, 0.124995, 0.475795, -0.157368, 0.865364, -0.002831, 0.314863, -0.888188, -0.334637, -1.2e-05, 0.0, 0.0, 0.0, 1.0],
                [0.838592, 0.461282, -0.289798, 0.124994, 0.389503, -0.135796, 0.91096, -0.002831, 0.380855, -0.8768, -0.293548, -1.2e-05, 0.0, 0.0, 0.0, 1.0],
                [0.848664, 0.470267, -0.242112, 0.124992, 0.317849, -0.087549, 0.944091, -0.002831, 0.422778, -0.878171, -0.223773, -1.2e-05, 0.0, 0.0, 0.0, 1.0],
                [0.858691, 0.470366, -0.203486, 0.124993, 0.242718, -0.023548, 0.969811, -0.002831, 0.451374, -0.882157, -0.134387, -1.2e-05, 0.0, 0.0, 0.0, 1.0],
                [0.868831, 0.464515, -0.171343, 0.124995, 0.169972, 0.045198, 0.984412, -0.002831, 0.465018, -0.884411, -0.039685, -1.2e-05, 0.0, 0.0, 0.0, 1.0],
                [0.87898, 0.45437, -0.144712, 0.124996, 0.1063, 0.109133, 0.988327, -0.002831, 0.464859, -0.884102, 0.047626, -1.2e-05, 0.0, 0.0, 0.0, 1.0],
                [0.88862, 0.441446, -0.12442, 0.124994, 0.058273, 0.160408, 0.985329, -0.002831, 0.454928, -0.882833, 0.116817, -1.2e-05, 0.0, 0.0, 0.0, 1.0],
                [0.896999, 0.427438, -0.112649, 0.124995, 0.031411, 0.192563, 0.980782, -0.002831, 0.440916, -0.883298, 0.159303, -1.2e-05, 0.0, 0.0, 0.0, 1.0],
                [0.907538, 0.405299, -0.110038, 0.124994, 0.022739, 0.214208, 0.976523, -0.002831, 0.419355, -0.888734, 0.185186, -1.2e-05, 0.0, 0.0, 0.0, 1.0],
                [0.918349, 0.378469, -0.115748, 0.124994, 0.028949, 0.227442, 0.973362, -0.002831, 0.394713, -0.897235, 0.197914, -1.2e-05, 0.0, 0.0, 0.0, 1.0],
                [0.928551, 0.348264, -0.128476, 0.124994, 0.046531, 0.234174, 0.97108, -0.002831, 0.368278, -0.907675, 0.201237, -1.2e-05, 0.0, 0.0, 0.0, 1.0],
                [0.937233, 0.316441, -0.146492, 0.124995, 0.071839, 0.23587, 0.969126, -0.002831, 0.341224, -0.91882, 0.198332, -1.2e-05, 0.0, 0.0, 0.0, 1.0],
                [0.943718, 0.285068, -0.167726, 0.124993, 0.101201, 0.233913, 0.966976, -0.002831, 0.314887, -0.929527, 0.191899, -1.2e-05, 0.0, 0.0, 0.0, 1.0],
                [0.947748, 0.25637, -0.189861, 0.124993, 0.131012, 0.229858, 0.964365, -0.002831, 0.290876, -0.93885, 0.18426, -1.2e-05, 0.0, 0.0, 0.0, 1.0],
                [0.949527, 0.232615, -0.210451, 0.124995, 0.157818, 0.225555, 0.961363, -0.002831, 0.271095, -0.946052, 0.17746, -1.2e-05, 0.0, 0.0, 0.0, 1.0],
                [0.949632, 0.216002, -0.227029, 0.124994, 0.178354, 0.223139, 0.958331, -0.002831, 0.257661, -0.950553, 0.173375, -1.2e-05, 0.0, 0.0, 0.0, 1.0],
                [0.94879, 0.208613, -0.23723, 0.124995, 0.18952, 0.224923, 0.955768, -0.002831, 0.252744, -0.951783, 0.173869, -1.2e-05, 0.0, 0.0, 0.0, 1.0],
                [0.94704, 0.208486, -0.244231, 0.124993, 0.195365, 0.229532, 0.953493, -0.002831, 0.254849, -0.950709, 0.176645, -1.2e-05, 0.0, 0.0, 0.0, 1.0],
                [0.944062, 0.212096, -0.252512, 0.124993, 0.201823, 0.233963, 0.951067, -0.002831, 0.260796, -0.948829, 0.178069, -1.2e-05, 0.0, 0.0, 0.0, 1.0],
                [0.939951, 0.219044, -0.261746, 0.124993, 0.208654, 0.238112, 0.94856, -0.002831, 0.270102, -0.946215, 0.178109, -1.2e-05, 0.0, 0.0, 0.0, 1.0],
                [0.934792, 0.228928, -0.271582, 0.124994, 0.215611, 0.241896, 0.946044, -0.002831, 0.28227, -0.94291, 0.176763, -1.2e-05, 0.0, 0.0, 0.0, 1.0],
                [0.928674, 0.241327, -0.281647, 0.124994, 0.222442, 0.245248, 0.943596, -0.002831, 0.296788, -0.938943, 0.174075, -1.2e-05, 0.0, 0.0, 0.0, 1.0],
                [0.921706, 0.255816, -0.291574, 0.124994, 0.228906, 0.248119, 0.941296, -0.002831, 0.313144, -0.934342, 0.170135, -1.2e-05, 0.0, 0.0, 0.0, 1.0],
                [0.914021, 0.271964, -0.301001, 0.124994, 0.234776, 0.250468, 0.939226, -0.002831, 0.330827, -0.92914, 0.165082, -1.2e-05, 0.0, 0.0, 0.0, 1.0],
                [0.905782, 0.289329, -0.309592, 0.124994, 0.239839, 0.252269, 0.937463, -0.002831, 0.349336, -0.92339, 0.159109, -1.2e-05, 0.0, 0.0, 0.0, 1.0],
                [0.89719, 0.307471, -0.317037, 0.124994, 0.243905, 0.2535, 0.936081, -0.002831, 0.368187, -0.917169, 0.152444, -1.2e-05, 0.0, 0.0, 0.0, 1.0],
                [0.888472, 0.32595, -0.323069, 0.124994, 0.246803, 0.254147, 0.935146, -0.002831, 0.386917, -0.910586, 0.145357, -1.2e-05, 0.0, 0.0, 0.0, 1.0],
                [0.879183, 0.344979, -0.328674, 0.124995, 0.249304, 0.254792, 0.934306, -0.002831, 0.40606, -0.903366, 0.138004, -1.2e-05, 0.0, 0.0, 0.0, 1.0],
                [0.86876, 0.3649, -0.334819, 0.124995, 0.252223, 0.255813, 0.933244, -0.002831, 0.426191, -0.895214, 0.130204, -1.2e-05, 0.0, 0.0, 0.0, 1.0],
