{
    "animation": [
        {
            "name": "Root",
            "time": [0.0, 0.0167, 0.0333, 0.05, 0.0667, 0.0833, 0.1, 0.1167, 0.1333, 0.15, 0.1667, 0.1833, 0.2, 0.2167, 0.2333, 0.25, 0.2667, 0.2833, 0.3, 0.3167, 0.3333, 0.35, 0.3667, 0.3833, 0.4, 0.4167, 0.4333, 0.45, 0.4667, 0.4833, 0.5, 0.5167, 0.5333, 0.55, 0.5667, 0.5833, 0.6, 0.6167, 0.6333, 0.65, 0.6667, 0.6833, 0.7, 0.7167, 0.7333, 0.75, 0.7667, 0.7833, 0.8, 0.8167, 0.8333, 0.85, 0.8667, 0.8833, 0.9, 0.9167, 0.9333, 0.95, 0.9667, 0.9833, 1.0, 1.0167, 1.0333, 1.05, 1.0667, 1.0833, 1.1, 1.1167, 1.1333, 1.15, 1.1667, 1.1833, 1.2, 1.2167, 1.2333, 1.25, 1.2667, 1.2833, 1.3, 1.3167, 1.3333, 1.35, 1.3667, 1.3833, 1.4, 1.4167, 1.4333, 1.45, 1.4667, 1.4833, 1.5, 1.5167, 1.5333, 1.55, 1.5667, 1.5833, 1.6, 1.6167, 1.6333, 1.65, 1.6667, 1.6833, 1.7, 1.7167, 1.7333, 1.75, 1.7667, 1.7833, 1.8, 1.8167, 1.8333, 1.85, 1.8667, 1.8833, 1.9, 1.9167, 1.9333, 1.95, 1.9667, 1.9833, 2.0, 2.0167, 2.0333, 2.05, 2.0667, 2.0833, 2.1, 2.1167, 2.1333, 2.15, 2.1667, 2.1833, 2.2, 2.2167, 2.2333, 2.25, 2.2667, 2.2833, 2.3, 2.3167, 2.3333, 2.35, 2.3667, 2.3833, 2.4, 2.4167, 2.4333, 2.45, 2.4667, 2.4833, 2.5, 2.5167, 2.5333, 2.55, 2.5667, 2.5833, 2.6, 2.6167, 2.6333, 2.65, 2.6667, 2.6833, 2.7, 2.7167, 2.7333, 2.75, 2.7667, 2.7833, 2.8, 2.8167, 2.8333, 2.85, 2.8667, 2.8833, 2.9, 2.9167, 2.9333, 2.95, 2.9667, 2.9833, 3.0, 3.0167, 3.0333, 3.05, 3.0667, 3.0833, 3.1, 3.1167, 3.1333, 3.15, 3.1667, 3.1833, 3.2, 3.2167, 3.2333, 3.25, 3.2667, 3.2833, 3.3, 3.3167, 3.3333, 3.35, 3.3667, 3.3833, 3.4, 3.4167, 3.4333, 3.45, 3.4667, 3.4833, 3.5, 3.5167, 3.5333, 3.55, 3.5667, 3.5833, 3.6, 3.6167, 3.6333, 3.65, 3.6667, 3.6833, 3.7, 3.7167, 3.7333, 3.75, 3.7667, 3.7833, 3.8, 3.8167, 3.8333, 3.85],
            "transform": [
                [0.708169, -0.080555, -0.701432, -0.004296, -0.702166, -0.184315, -0.687743, 0.004729, -0.073883, 0.97956, -0.18709, 0.715964, 0.0, 0.0, 0.0, 1.0],
                [0.708169, -0.080555, -0.701432, -0.004296, -0.702166, -0.184315, -0.687743, 0.004729, -0.073883, 0.97956, -0.18709, 0.715964, 0.0, 0.0, 0.0, 1.0],
                [0.652049, -0.089886, -0.75283, -0.060167, -0.755858, -0.154664, -0.636206, -0.015145, -0.05925, 0.98387, -0.168789, 0.701805, 0.0, 0.0, 0.0, 1.0],
                [0.58975, -0.098425, -0.801565, -0.121029, -0.806521, -0.12272, -0.578328, -0.036137, -0.041446, 0.987549, -0.151755, 0.687281, 0.0, 0.0, 0.0, 1.0],
                [0.523667, -0.104485, -0.845492, -0.181838, -0.85163, -0.090228, -0.516318, -0.057103, -0.02234, 0.990425, -0.136232, 0.672739, 0.0, 0.0, 0.0, 1.0],
                [0.456802, -0.106835, -0.88313, -0.237555, -0.88956, -0.059208, -0.452965, -0.076905, -0.003896, 0.992512, -0.122082, 0.658532, 0.0, 0.0, 0.0, 1.0],
                [0.392566, -0.104701, -0.913745, -0.283155, -0.919647, -0.031838, -0.391453, -0.094409, 0.011894, 0.993994, -0.108786, 0.645014, 0.0, 0.0, 0.0, 1.0],
                [0.334547, -0.097713, -0.937299, -0.313619, -0.942097, -0.010335, -0.335182, -0.108482, 0.023065, 0.995161, -0.095513, 0.632543, 0.0, 0.0, 0.0, 1.0],
                [0.279644, -0.087038, -0.95615, -0.332575, -0.959628, 0.006016, -0.281208, -0.120167, 0.030228, 0.996187, -0.081842, 0.620869, 0.0, 0.0, 0.0, 1.0],
                [0.222938, -0.074267, -0.971999, -0.347359, -0.974179, 0.019516, -0.224929, -0.131267, 0.035674, 0.997047, -0.067999, 0.609477, 0.0, 0.0, 0.0, 1.0],
                [0.165342, -0.05989, -0.984416, -0.358516, -0.985426, 0.030429, -0.167363, -0.141792, 0.039978, 0.997741, -0.053986, 0.598329, 0.0, 0.0, 0.0, 1.0],
                [0.107817, -0.044365, -0.99318, -0.366593, -0.993211, 0.039088, -0.109566, -0.151748, 0.043683, 0.99825, -0.03985, 0.587392, 0.0, 0.0, 0.0, 1.0],
                [0.051355, -0.028122, -0.998284, -0.372137, -0.99756, 0.045899, -0.052611, -0.161144, 0.0473, 0.99855, -0.025696, 0.576627, 0.0, 0.0, 0.0, 1.0],
                [-0.003034, -0.011542, -0.999929, -0.375696, -0.998678, 0.051336, 0.002437, -0.169985, 0.051304, 0.998615, -0.011683, 0.565998, 0.0, 0.0, 0.0, 1.0],
                [-0.054369, 0.005046, -0.998508, -0.377816, -0.996942, 0.055936, 0.054567, -0.178277, 0.056128, 0.998422, 0.00199, 0.555467, 0.0, 0.0, 0.0, 1.0],
                [-0.101705, 0.021371, -0.994585, -0.379046, -0.992871, 0.060285, 0.102825, -0.186025, 0.062156, 0.997952, 0.015088, 0.544998, 0.0, 0.0, 0.0, 1.0],
                [-0.144143, 0.037208, -0.988857, -0.379934, -0.987097, 0.065015, 0.146333, -0.19323, 0.069735, 0.99719, 0.027356, 0.534554, 0.0, 0.0, 0.0, 1.0],
                [-0.180842, 0.052372, -0.982117, -0.381026, -0.98032, 0.070791, 0.184286, -0.199897, 0.079176, 0.996115, 0.038539, 0.524096, 0.0, 0.0, 0.0, 1.0],
                [-0.211025, 0.066696, -0.975203, -0.382872, -0.973259, 0.078291, 0.215959, -0.206026, 0.090753, 0.994697, 0.048391, 0.513588, 0.0, 0.0, 0.0, 1.0],
                [-0.233946, 0.080003, -0.968953, -0.386018, -0.966594, 0.088205, 0.240659, -0.211621, 0.10472, 0.992884, 0.056695, 0.502992, 0.0, 0.0, 0.0, 1.0],
                [-0.243743, 0.092858, -0.965384, -0.389372, -0.961733, 0.105289, 0.252949, -0.216292, 0.125133, 0.990097, 0.063641, 0.491387, 0.0, 0.0, 0.0, 1.0],
                [-0.237274, 0.1053, -0.965719, -0.391627, -0.959267, 0.131503, 0.250027, -0.219667, 0.153323, 0.985707, 0.069808, 0.478433, 0.0, 0.0, 0.0, 1.0],
                [-0.217907, 0.116161, -0.969032, -0.393008, -0.958175, 0.163271, 0.235038, -0.221773, 0.185517, 0.979719, 0.075724, 0.464972, 0.0, 0.0, 0.0, 1.0],
                [-0.189114, 0.124349, -0.97405, -0.393736, -0.957438, 0.196927, 0.211028, -0.222638, 0.218058, 0.972501, 0.081814, 0.451847, 0.0, 0.0, 0.0, 1.0],
                [-0.154522, 0.129134, -0.979514, -0.39403, -0.956506, 0.22873, 0.181048, -0.222291, 0.247424, 0.964887, 0.088174, 0.439906, 0.0, 0.0, 0.0, 1.0],
                [-0.117899, 0.130311, -0.984438, -0.3941, -0.955537, 0.254934, 0.148184, -0.220761, 0.270276, 0.958138, 0.09446, 0.430001, 0.0, 0.0, 0.0, 1.0],
                [-0.08307, 0.128203, -0.988263, -0.394155, -0.955379, 0.271836, 0.11557, -0.218077, 0.283462, 0.953766, 0.099901, 0.422986, 0.0, 0.0, 0.0, 1.0],
                [-0.053823, 0.12352, -0.990881, -0.394399, -0.957328, 0.275791, 0.08638, -0.214265, 0.283946, 0.953248, 0.103405, 0.419712, 0.0, 0.0, 0.0, 1.0],
                [-0.026307, 0.115558, -0.992953, -0.394757, -0.962698, 0.264656, 0.056306, -0.207618, 0.269298, 0.957394, 0.104285, 0.420896, 0.0, 0.0, 0.0, 1.0],
                [0.004853, 0.10422, -0.994543, -0.394991, -0.9704, 0.240633, 0.020481, -0.197382, 0.241455, 0.965005, 0.102303, 0.426028, 0.0, 0.0, 0.0, 1.0],
                [0.038192, 0.091154, -0.995104, -0.395059, -0.978233, 0.206674, -0.018612, -0.185015, 0.203966, 0.974154, 0.097063, 0.434116, 0.0, 0.0, 0.0, 1.0],
                [0.072131, 0.077766, -0.994359, -0.394924, -0.984399, 0.165968, -0.058429, -0.171971, 0.160488, 0.98306, 0.088524, 0.444166, 0.0, 0.0, 0.0, 1.0],
                [0.10494, 0.065119, -0.992344, -0.394554, -0.987832, 0.122003, -0.096457, -0.159699, 0.114787, 0.990391, 0.077129, 0.455199, 0.0, 0.0, 0.0, 1.0],
                [0.134757, 0.053888, -0.989412, -0.393925, -0.988355, 0.078526, -0.130336, -0.149646, 0.070671, 0.995455, 0.063843, 0.46624, 0.0, 0.0, 0.0, 1.0],
                [0.159641, 0.044369, -0.986178, -0.393016, -0.98666, 0.039437, -0.157945, -0.14326, 0.031884, 0.998236, 0.050073, 0.476329, 0.0, 0.0, 0.0, 1.0],
                [0.177631, 0.036578, -0.983417, -0.391814, -0.984095, 0.008683, -0.17743, -0.141987, 0.002049, 0.999293, 0.037538, 0.484513, 0.0, 0.0, 0.0, 1.0],
                [0.18597, 0.029743, -0.982105, -0.390357, -0.982399, -0.012209, -0.186395, -0.145243, -0.017534, 0.999483, 0.026949, 0.49153, 0.0, 0.0, 0.0, 1.0],
                [0.184827, 0.022883, -0.982505, -0.388707, -0.982319, -0.026012, -0.185398, -0.151199, -0.029799, 0.9994, 0.017671, 0.498476, 0.0, 0.0, 0.0, 1.0],
                [0.176614, 0.015782, -0.984154, -0.386884, -0.983565, -0.035291, -0.177074, -0.159437, -0.037527, 0.999252, 0.009289, 0.504936, 0.0, 0.0, 0.0, 1.0],
                [0.163755, 0.008355, -0.986466, -0.384906, -0.985544, -0.042649, -0.163963, -0.16954, -0.043441, 0.999055, 0.00125, 0.51049, 0.0, 0.0, 0.0, 1.0],
                [0.148715, 0.000538, -0.98888, -0.382791, -0.987603, -0.050716, -0.14855, -0.181092, -0.050232, 0.998713, -0.007011, 0.514718, 0.0, 0.0, 0.0, 1.0],
                [0.134032, -0.007767, -0.990947, -0.380557, -0.989125, -0.062158, -0.133299, -0.193677, -0.06056, 0.998036, -0.016014, 0.5172, 0.0, 0.0, 0.0, 1.0],
                [0.115815, -0.017278, -0.993121, -0.378236, -0.990684, -0.074121, -0.114241, -0.206776, -0.071637, 0.9971, -0.025702, 0.518344, 0.0, 0.0, 0.0, 1.0],
                [0.091273, -0.028087, -0.99543, -0.375847, -0.99238, -0.085653, -0.088576, -0.219902, -0.082774, 0.995929, -0.035691, 0.517282, 0.0, 0.0, 0.0, 1.0],
                [0.064771, -0.039493, -0.997118, -0.373399, -0.99291, -0.102351, -0.060444, -0.232684, -0.099669, 0.993964, -0.045842, 0.511683, 0.0, 0.0, 0.0, 1.0],
                [0.040815, -0.050967, -0.997866, -0.370901, -0.99095, -0.129885, -0.033898, -0.244751, -0.127881, 0.990218, -0.055807, 0.499205, 0.0, 0.0, 0.0, 1.0],
                [0.020387, -0.06341, -0.997779, -0.367865, -0.984259, -0.17651, -0.008894, -0.25819, -0.175554, 0.982254, -0.066011, 0.475318, 0.0, 0.0, 0.0, 1.0],
                [0.001693, -0.07737, -0.997001, -0.364112, -0.971514, -0.236393, 0.016695, -0.273837, -0.236976, 0.968572, -0.075566, 0.442541, 0.0, 0.0, 0.0, 1.0],
                [-0.015222, -0.091357, -0.995702, -0.360121, -0.954763, -0.294442, 0.041612, -0.289459, -0.296978, 0.951293, -0.082743, 0.40913, 0.0, 0.0, 0.0, 1.0],
                [-0.030918, -0.10339, -0.99416, -0.356362, -0.939484, -0.33652, 0.064215, -0.302835, -0.341194, 0.935983, -0.086729, 0.383382, 0.0, 0.0, 0.0, 1.0],
                [-0.046626, -0.111889, -0.992626, -0.352658, -0.929945, -0.357967, 0.084032, -0.313884, -0.36473, 0.927006, -0.08736, 0.367622, 0.0, 0.0, 0.0, 1.0],
                [-0.062204, -0.117677, -0.991102, -0.348852, -0.924503, -0.367372, 0.101644, -0.323629, -0.376064, 0.922599, -0.08594, 0.357412, 0.0, 0.0, 0.0, 1.0],
                [-0.076395, -0.122222, -0.989558, -0.345444, -0.921219, -0.371051, 0.116948, -0.33152, -0.38147, 0.920534, -0.084247, 0.350918, 0.0, 0.0, 0.0, 1.0],
                [-0.087816, -0.127186, -0.987984, -0.342939, -0.917833, -0.375123, 0.129871, -0.336998, -0.387133, 0.918208, -0.083793, 0.346305, 0.0, 0.0, 0.0, 1.0],
                [-0.096388, -0.133176, -0.986394, -0.341162, -0.914006, -0.380526, 0.14069, -0.340588, -0.394085, 0.915131, -0.085045, 0.342562, 0.0, 0.0, 0.0, 1.0],
                [-0.102789, -0.13916, -0.984921, -0.33959, -0.911049, -0.384287, 0.149376, -0.34331, -0.39928, 0.912665, -0.087281, 0.339773, 0.0, 0.0, 0.0, 1.0],
                [-0.106711, -0.144474, -0.983738, -0.338203, -0.909067, -0.386591, 0.155387, -0.345349, -0.402754, 0.910865, -0.090083, 0.337744, 0.0, 0.0, 0.0, 1.0],
                [-0.107848, -0.148464, -0.983019, -0.336981, -0.908143, -0.387628, 0.158176, -0.346894, -0.40453, 0.909782, -0.093022, 0.33628, 0.0, 0.0, 0.0, 1.0],
                [-0.105462, -0.150666, -0.982943, -0.335906, -0.908621, -0.387061, 0.156816, -0.348127, -0.404086, 0.909661, -0.096078, 0.335186, 0.0, 0.0, 0.0, 1.0],
                [-0.099956, -0.15152, -0.983387, -0.334972, -0.910358, -0.384957, 0.151847, -0.349228, -0.401569, 0.910412, -0.099459, 0.334264, 0.0, 0.0, 0.0, 1.0],
                [-0.092725, -0.151748, -0.984061, -0.334173, -0.912689, -0.382096, 0.144922, -0.350381, -0.397998, 0.911578, -0.103069, 0.333309, 0.0, 0.0, 0.0, 1.0],
                [-0.085169, -0.152058, -0.984695, -0.333506, -0.914983, -0.379267, 0.137706, -0.351772, -0.394402, 0.912708, -0.106828, 0.33212, 0.0, 0.0, 0.0, 1.0],
                [-0.077409, -0.152571, -0.985256, -0.333027, -0.917163, -0.376583, 0.130374, -0.353309, -0.390922, 0.913733, -0.110781, 0.33084, 0.0, 0.0, 0.0, 1.0],
                [-0.068778, -0.152943, -0.985839, -0.332769, -0.919495, -0.373652, 0.122118, -0.354777, -0.387038, 0.914873, -0.114932, 0.329722, 0.0, 0.0, 0.0, 1.0],
                [-0.059504, -0.15317, -0.986407, -0.332689, -0.92191, -0.370513, 0.113147, -0.356177, -0.382807, 0.916111, -0.119162, 0.328726, 0.0, 0.0, 0.0, 1.0],
                [-0.049818, -0.153244, -0.986932, -0.332744, -0.924347, -0.367199, 0.103675, -0.35751, -0.378288, 0.917432, -0.123358, 0.327814, 0.0, 0.0, 0.0, 1.0],
                [-0.039638, -0.15318, -0.987403, -0.332889, -0.926795, -0.363709, 0.093629, -0.358776, -0.373469, 0.918832, -0.12755, 0.326946, 0.0, 0.0, 0.0, 1.0],
                [-0.02889, -0.152985, -0.987806, -0.333083, -0.929251, -0.360021, 0.082935, -0.359976, -0.368319, 0.920315, -0.131761, 0.326083, 0.0, 0.0, 0.0, 1.0],
                [-0.017803, -0.152643, -0.988121, -0.333282, -0.931668, -0.356144, 0.071803, -0.361111, -0.362874, 0.921879, -0.135872, 0.325186, 0.0, 0.0, 0.0, 1.0],
                [-0.006612, -0.152131, -0.988338, -0.333441, -0.934014, -0.352087, 0.060444, -0.36218, -0.357176, 0.923521, -0.139765, 0.324216, 0.0, 0.0, 0.0, 1.0],
                [0.00476, -0.15146, -0.988452, -0.333606, -0.936285, -0.347835, 0.048789, -0.363178, -0.351208, 0.925241, -0.143465, 0.323202, 0.0, 0.0, 0.0, 1.0],
                [0.016392, -0.150643, -0.988453, -0.333835, -0.938476, -0.343382, 0.036769, -0.364099, -0.344956, 0.927036, -0.147004, 0.322194, 0.0, 0.0, 0.0, 1.0],
                [0.028055, -0.149668, -0.988338, -0.33411, -0.940556, -0.338745, 0.024599, -0.364949, -0.338477, 0.928898, -0.150275, 0.321183, 0.0, 0.0, 0.0, 1.0],
                [0.039518, -0.148522, -0.988119, -0.334412, -0.942511, -0.333943, 0.0125, -0.365733, -0.331832, 0.930819, -0.15318, 0.320163, 0.0, 0.0, 0.0, 1.0],
                [0.050858, -0.147213, -0.987797, -0.334721, -0.944345, -0.328957, 0.000404, -0.366456, -0.325003, 0.9328, -0.15575, 0.319126, 0.0, 0.0, 0.0, 1.0],
                [0.062152, -0.145751, -0.987367, -0.335021, -0.94606, -0.323779, -0.011757, -0.367124, -0.317975, 0.934839, -0.158013, 0.318064, 0.0, 0.0, 0.0, 1.0],
                [0.073175, -0.144111, -0.986852, -0.33529, -0.947646, -0.318438, -0.023766, -0.367741, -0.310826, 0.936925, -0.159868, 0.316969, 0.0, 0.0, 0.0, 1.0],
                [0.083704, -0.142265, -0.986283, -0.335511, -0.949105, -0.312963, -0.035406, -0.368314, -0.303633, 0.93905, -0.16122, 0.315834, 0.0, 0.0, 0.0, 1.0],
                [0.093826, -0.140217, -0.985665, -0.33569, -0.950447, -0.30735, -0.046751, -0.368825, -0.296389, 0.941209, -0.162107, 0.314622, 0.0, 0.0, 0.0, 1.0],
                [0.103613, -0.137978, -0.985001, -0.335847, -0.951683, -0.301582, -0.057863, -0.369261, -0.289075, 0.943404, -0.162559, 0.313323, 0.0, 0.0, 0.0, 1.0],
                [0.112827, -0.135519, -0.98433, -0.335986, -0.952831, -0.295667, -0.06851, -0.369634, -0.28175, 0.94563, -0.162486, 0.311973, 0.0, 0.0, 0.0, 1.0],
                [0.121227, -0.13281, -0.9837, -0.336108, -0.953922, -0.289616, -0.078456, -0.369955, -0.274476, 0.947884, -0.161799, 0.310608, 0.0, 0.0, 0.0, 1.0],
                [0.128907, -0.129515, -0.983163, -0.336212, -0.955082, -0.282992, -0.087946, -0.370232, -0.266836, 0.950338, -0.160177, 0.309267, 0.0, 0.0, 0.0, 1.0],
                [0.135954, -0.125757, -0.982701, -0.336302, -0.956273, -0.275925, -0.096988, -0.370479, -0.258955, 0.952917, -0.157771, 0.307985, 0.0, 0.0, 0.0, 1.0],
                [0.142115, -0.122171, -0.982282, -0.336387, -0.957316, -0.269296, -0.10501, -0.370717, -0.251695, 0.955277, -0.155227, 0.30679, 0.0, 0.0, 0.0, 1.0],
                [0.147123, -0.119381, -0.981887, -0.336479, -0.958061, -0.264002, -0.111455, -0.370966, -0.245915, 0.957106, -0.153215, 0.305709, 0.0, 0.0, 0.0, 1.0],
                [0.147123, -0.119381, -0.981887, -0.336479, -0.958061, -0.264002, -0.111455, -0.370966, -0.245915, 0.957106, -0.153215, 0.305709, 0.0, 0.0, 0.0, 1.0],
                [0.147123, -0.119381, -0.981887, -0.336479, -0.958061, -0.264002, -0.111455, -0.370966, -0.245915, 0.957106, -0.153215, 0.305709, 0.0, 0.0, 0.0, 1.0],
                [-0.035958, 0.01261, -0.999274, -0.328812, -0.979553, -0.198503, 0.032743, -0.349386, -0.197946, 0.980019, 0.01949, 0.290204, 0.0, 0.0, 0.0, 1.0],
                [-0.035958, 0.01261, -0.999274, -0.328812, -0.979553, -0.198503, 0.032743, -0.349386, -0.197946, 0.980019, 0.01949, 0.290204, 0.0, 0.0, 0.0, 1.0],
                [-0.064867, -0.074248, -0.995128, -0.340253, -0.978748, -0.189676, 0.077951, -0.367898, -0.194539, 0.979035, -0.060367, 0.280855, 0.0, 0.0, 0.0, 1.0],
                [-0.061788, -0.234022, -0.970266, -0.357123, -0.986284, -0.134756, 0.095311, -0.391801, -0.153054, 0.962847, -0.222486, 0.278397, 0.0, 0.0, 0.0, 1.0],
                [-0.056011, -0.263641, -0.962994, -0.358601, -0.993044, -0.085337, 0.081122, -0.389302, -0.103566, 0.960839, -0.257027, 0.284266, 0.0, 0.0, 0.0, 1.0],
                [-0.046777, -0.28825, -0.956412, -0.359422, -0.997309, -0.04063, 0.061023, -0.386087, -0.056449, 0.956693, -0.285574, 0.289915, 0.0, 0.0, 0.0, 1.0],
                [-0.022941, -0.305827, -0.951811, -0.358769, -0.999669, -0.004115, 0.025417, -0.381388, -0.01169, 0.952078, -0.305631, 0.294845, 0.0, 0.0, 0.0, 1.0],
                [0.03905, -0.320042, -0.946598, -0.355891, -0.998795, 0.015679, -0.046504, -0.375439, 0.029725, 0.947274, -0.319044, 0.296988, 0.0, 0.0, 0.0, 1.0],
                [0.098234, -0.327408, -0.939763, -0.352829, -0.993496, 0.022379, -0.111648, -0.370373, 0.057585, 0.944618, -0.32308, 0.297716, 0.0, 0.0, 0.0, 1.0],
                [0.128566, -0.329299, -0.935432, -0.351153, -0.98925, 0.023686, -0.144301, -0.367678, 0.069675, 0.943929, -0.322714, 0.298071, 0.0, 0.0, 0.0, 1.0],
                [0.154112, -0.330448, -0.931157, -0.349689, -0.984877, 0.024134, -0.171568, -0.36546, 0.079167, 0.943516, -0.321731, 0.298197, 0.0, 0.0, 0.0, 1.0],
                [0.175483, -0.329568, -0.92768, -0.348399, -0.980847, 0.022383, -0.193492, -0.363608, 0.084533, 0.943866, -0.319328, 0.298215, 0.0, 0.0, 0.0, 1.0],
                [0.193284, -0.325331, -0.925635, -0.347247, -0.977522, 0.017124, -0.210137, -0.362012, 0.084214, 0.945445, -0.314708, 0.298248, 0.0, 0.0, 0.0, 1.0],
                [0.208048, -0.316376, -0.925539, -0.346192, -0.975112, 0.00705, -0.221601, -0.360562, 0.076635, 0.948608, -0.307035, 0.298419, 0.0, 0.0, 0.0, 1.0],
                [0.206609, -0.287039, -0.935373, -0.34565, -0.977721, -0.024351, -0.20849, -0.359997, 0.037067, 0.957609, -0.285675, 0.299019, 0.0, 0.0, 0.0, 1.0],
                [0.189174, -0.245924, -0.95065, -0.345726, -0.981666, -0.070382, -0.177139, -0.360512, -0.023346, 0.966731, -0.254729, 0.299594, 0.0, 0.0, 0.0, 1.0],
                [0.162184, -0.207329, -0.964734, -0.346291, -0.983238, -0.116494, -0.140259, -0.361835, -0.083306, 0.97131, -0.222747, 0.299681, 0.0, 0.0, 0.0, 1.0],
                [0.137628, -0.176132, -0.974698, -0.347085, -0.981052, -0.15972, -0.109663, -0.363502, -0.136363, 0.971322, -0.194776, 0.299396, 0.0, 0.0, 0.0, 1.0],
                [0.136949, -0.163518, -0.976989, -0.347751, -0.97648, -0.188093, -0.105396, -0.364845, -0.166531, 0.968444, -0.185431, 0.298695, 0.0, 0.0, 0.0, 1.0],
                [0.145968, -0.158782, -0.976464, -0.348425, -0.971481, -0.209442, -0.111166, -0.366128, -0.186862, 0.964843, -0.184826, 0.297712, 0.0, 0.0, 0.0, 1.0],
                [0.158626, -0.157125, -0.974756, -0.349814, -0.96571, -0.230202, -0.120047, -0.367525, -0.205529, 0.960374, -0.188253, 0.29586, 0.0, 0.0, 0.0, 1.0],
                [0.167719, -0.154722, -0.973618, -0.34986, -0.96125, -0.24485, -0.126678, -0.368678, -0.218791, 0.957136, -0.189793, 0.2952, 0.0, 0.0, 0.0, 1.0],
                [0.165638, -0.147107, -0.975153, -0.347276, -0.959622, -0.251999, -0.124985, -0.369381, -0.227351, 0.956481, -0.182908, 0.2971, 0.0, 0.0, 0.0, 1.0],
                [0.16019, -0.138128, -0.977374, -0.343847, -0.958952, -0.256493, -0.120921, -0.369938, -0.233987, 0.956625, -0.173546, 0.299809, 0.0, 0.0, 0.0, 1.0],
                [0.153359, -0.12861, -0.979766, -0.340078, -0.958634, -0.259965, -0.115927, -0.370437, -0.239795, 0.957015, -0.163158, 0.302841, 0.0, 0.0, 0.0, 1.0],
                [0.147123, -0.119381, -0.981888, -0.336479, -0.958061, -0.264002, -0.111455, -0.370966, -0.245915, 0.957106, -0.153215, 0.305709, 0.0, 0.0, 0.0, 1.0],
                [0.147123, -0.119381, -0.981888, -0.336479, -0.958061, -0.264002, -0.111455, -0.370966, -0.245915, 0.957106, -0.153215, 0.305709, 0.0, 0.0, 0.0, 1.0],
                [0.147123, -0.119381, -0.981887, -0.336479, -0.958061, -0.264002, -0.111455, -0.370966, -0.245915, 0.957106, -0.153215, 0.305709, 0.0, 0.0, 0.0, 1.0],
                [0.147124, -0.119381, -0.981888, -0.336479, -0.958061, -0.264002, -0.111455, -0.370966, -0.245915, 0.957106, -0.153215, 0.305709, 0.0, 0.0, 0.0, 1.0],
                [-0.035958, 0.01261, -0.999274, -0.328812, -0.979553, -0.198503, 0.032743, -0.349386, -0.197946, 0.980019, 0.01949, 0.290204, 0.0, 0.0, 0.0, 1.0],
                [-0.035958, 0.01261, -0.999274, -0.328812, -0.979553, -0.198503, 0.032743, -0.349386, -0.197946, 0.980019, 0.01949, 0.290204, 0.0, 0.0, 0.0, 1.0],
                [-0.064867, -0.074248, -0.995128, -0.340253, -0.978748, -0.189676, 0.077951, -0.367898, -0.194539, 0.979035, -0.060367, 0.280855, 0.0, 0.0, 0.0, 1.0],
                [-0.061788, -0.234022, -0.970266, -0.357123, -0.986284, -0.134756, 0.095311, -0.391801, -0.153054, 0.962847, -0.222486, 0.278397, 0.0, 0.0, 0.0, 1.0],
                [-0.056011, -0.263641, -0.962994, -0.358601, -0.993044, -0.085337, 0.081122, -0.389302, -0.103566, 0.960839, -0.257027, 0.284266, 0.0, 0.0, 0.0, 1.0],
                [-0.046777, -0.28825, -0.956412, -0.359422, -0.997309, -0.04063, 0.061023, -0.386087, -0.056449, 0.956693, -0.285574, 0.289915, 0.0, 0.0, 0.0, 1.0],
                [-0.022941, -0.305827, -0.951811, -0.358769, -0.999668, -0.004115, 0.025417, -0.381388, -0.01169, 0.952078, -0.305631, 0.294845, 0.0, 0.0, 0.0, 1.0],
                [0.03905, -0.320042, -0.946598, -0.355891, -0.998795, 0.015679, -0.046504, -0.375439, 0.029725, 0.947274, -0.319044, 0.296988, 0.0, 0.0, 0.0, 1.0],
                [0.098234, -0.327408, -0.939763, -0.352829, -0.993496, 0.022379, -0.111648, -0.370373, 0.057585, 0.944618, -0.32308, 0.297716, 0.0, 0.0, 0.0, 1.0],
                [0.128566, -0.329299, -0.935432, -0.351153, -0.98925, 0.023686, -0.144301, -0.367678, 0.069675, 0.943929, -0.322714, 0.298071, 0.0, 0.0, 0.0, 1.0],
                [0.154112, -0.330448, -0.931157, -0.349689, -0.984877, 0.024134, -0.171568, -0.36546, 0.079167, 0.943516, -0.321731, 0.298197, 0.0, 0.0, 0.0, 1.0],
                [0.175483, -0.329568, -0.92768, -0.348399, -0.980847, 0.022383, -0.193492, -0.363608, 0.084533, 0.943866, -0.319328, 0.298215, 0.0, 0.0, 0.0, 1.0],
                [0.193284, -0.325331, -0.925636, -0.347247, -0.977522, 0.017124, -0.210137, -0.362012, 0.084214, 0.945445, -0.314708, 0.298248, 0.0, 0.0, 0.0, 1.0],
                [0.208048, -0.316376, -0.925539, -0.346192, -0.975112, 0.00705, -0.221601, -0.360562, 0.076635, 0.948608, -0.307035, 0.298419, 0.0, 0.0, 0.0, 1.0],
                [0.206609, -0.287039, -0.935373, -0.34565, -0.977721, -0.024351, -0.20849, -0.359997, 0.037067, 0.957609, -0.285675, 0.299019, 0.0, 0.0, 0.0, 1.0],
                [0.189174, -0.245924, -0.95065, -0.345726, -0.981666, -0.070382, -0.177139, -0.360512, -0.023346, 0.966731, -0.254729, 0.299594, 0.0, 0.0, 0.0, 1.0],
                [0.162184, -0.207329, -0.964734, -0.346291, -0.983238, -0.116494, -0.140259, -0.361835, -0.083306, 0.97131, -0.222747, 0.299681, 0.0, 0.0, 0.0, 1.0],
                [0.137628, -0.176132, -0.974698, -0.347085, -0.981053, -0.15972, -0.109663, -0.363502, -0.136363, 0.971322, -0.194776, 0.299396, 0.0, 0.0, 0.0, 1.0],
                [0.136949, -0.163518, -0.976989, -0.347751, -0.97648, -0.188093, -0.105396, -0.364845, -0.166531, 0.968444, -0.185431, 0.298695, 0.0, 0.0, 0.0, 1.0],
                [0.145968, -0.158782, -0.976464, -0.348425, -0.971481, -0.209442, -0.111166, -0.366128, -0.186862, 0.964843, -0.184826, 0.297712, 0.0, 0.0, 0.0, 1.0],
                [0.158626, -0.157125, -0.974756, -0.349814, -0.96571, -0.230202, -0.120047, -0.367525, -0.205529, 0.960374, -0.188253, 0.29586, 0.0, 0.0, 0.0, 1.0],
                [0.167719, -0.154722, -0.973618, -0.34986, -0.96125, -0.24485, -0.126678, -0.368678, -0.218791, 0.957136, -0.189793, 0.2952, 0.0, 0.0, 0.0, 1.0],
                [0.165638, -0.147107, -0.975153, -0.347276, -0.959622, -0.251999, -0.124985, -0.369381, -0.227351, 0.956481, -0.182908, 0.2971, 0.0, 0.0, 0.0, 1.0],
                [0.16019, -0.138128, -0.977374, -0.343847, -0.958952, -0.256493, -0.120921, -0.369938, -0.233987, 0.956625, -0.173546, 0.299809, 0.0, 0.0, 0.0, 1.0],
                [0.153359, -0.12861, -0.979766, -0.229951, -0.958634, -0.259965, -0.115927, -0.244654, -0.239795, 0.957015, -0.163158, 0.302841, 0.0, 0.0, 0.0, 1.0],
                [0.147123, -0.119381, -0.981888, -0.116224, -0.958061, -0.264002, -0.111455, -0.1194, -0.245915, 0.957106, -0.153215, 0.305709, 0.0, 0.0, 0.0, 1.0],
                [0.147123, -0.119381, -0.981887, -0.006097, -0.958061, -0.264002, -0.111455, 0.006383, -0.245915, 0.957105, -0.153215, 0.305709, 0.0, 0.0, 0.0, 1.0],
                [-0.03674, 0.014255, -0.999223, -0.006323, -0.911151, -0.411145, 0.027636, -0.055864, -0.410432, 0.911458, 0.028094, 0.290988, 0.0, 0.0, 0.0, 1.0],
                [0.040701, -0.089755, -0.995132, -0.018061, -0.896591, -0.442848, 0.003272, -0.197433, -0.440985, 0.892093, -0.098498, 0.278689, 0.0, 0.0, 0.0, 1.0],
                [0.184381, -0.204585, -0.961327, -0.031038, -0.886185, -0.457611, -0.072583, -0.333387, -0.425064, 0.865296, -0.265675, 0.269659, 0.0, 0.0, 0.0, 1.0],
                [0.343579, -0.229017, -0.910771, -0.041221, -0.853039, -0.481722, -0.200669, -0.409543, -0.392782, 0.845869, -0.36087, 0.268357, 0.0, 0.0, 0.0, 1.0],
                [0.508599, -0.221412, -0.832048, -0.050397, -0.790514, -0.503031, -0.349353, -0.463645, -0.341194, 0.835426, -0.430871, 0.270502, 0.0, 0.0, 0.0, 1.0],
                [0.67759, -0.208891, -0.705149, -0.059436, -0.687075, -0.521766, -0.505656, -0.520911, -0.262295, 0.827118, -0.497068, 0.272025, 0.0, 0.0, 0.0, 1.0],
                [0.782233, -0.184671, -0.594986, -0.067197, -0.588075, -0.534101, -0.607374, -0.564782, -0.205619, 0.825005, -0.526392, 0.276268, 0.0, 0.0, 0.0, 1.0],
                [0.817158, -0.154345, -0.555365, -0.073908, -0.539711, -0.543186, -0.643164, -0.596246, -0.202398, 0.825304, -0.527171, 0.283783, 0.0, 0.0, 0.0, 1.0],
                [0.842876, -0.121221, -0.524275, -0.080785, -0.496362, -0.551402, -0.670507, -0.627567, -0.207807, 0.825386, -0.524933, 0.292067, 0.0, 0.0, 0.0, 1.0],
                [0.861067, -0.086795, -0.501029, -0.087596, -0.458603, -0.558183, -0.691459, -0.657659, -0.219651, 0.825166, -0.520437, 0.300783, 0.0, 0.0, 0.0, 1.0],
                [0.873154, -0.052557, -0.484603, -0.094107, -0.426689, -0.563066, -0.707738, -0.685437, -0.235667, 0.824739, -0.514069, 0.309597, 0.0, 0.0, 0.0, 1.0],
                [0.880424, -0.019982, -0.473766, -0.100082, -0.40069, -0.565635, -0.720766, -0.709812, -0.253576, 0.824413, -0.506006, 0.318181, 0.0, 0.0, 0.0, 1.0],
                [0.884114, 0.009481, -0.467174, -0.105285, -0.380582, -0.565464, -0.731716, -0.729695, -0.271108, 0.824719, -0.496326, 0.326207, 0.0, 0.0, 0.0, 1.0],
                [0.885464, 0.03441, -0.463433, -0.109481, -0.366273, -0.562081, -0.741559, -0.743997, -0.286004, 0.826366, -0.485099, 0.333352, 0.0, 0.0, 0.0, 1.0],
                [0.883309, 0.055849, -0.465453, -0.112519, -0.359548, -0.556405, -0.749092, -0.752742, -0.300817, 0.829032, -0.471397, 0.339968, 0.0, 0.0, 0.0, 1.0],
                [0.876485, 0.075614, -0.475453, -0.114587, -0.361111, -0.549878, -0.753148, -0.757159, -0.31839, 0.831815, -0.454655, 0.346511, 0.0, 0.0, 0.0, 1.0],
                [0.866175, 0.093449, -0.490926, -0.115949, -0.369094, -0.542659, -0.754514, -0.757957, -0.336914, 0.834738, -0.435546, 0.352819, 0.0, 0.0, 0.0, 1.0],
                [0.853612, 0.109115, -0.509353, -0.116871, -0.38154, -0.534751, -0.753969, -0.755847, -0.354646, 0.837935, -0.414838, 0.358731, 0.0, 0.0, 0.0, 1.0],
                [0.840205, 0.122417, -0.528271, -0.117618, -0.396453, -0.525986, -0.752438, -0.751534, -0.369974, 0.841637, -0.393404, 0.364088, 0.0, 0.0, 0.0, 1.0],
                [0.827577, 0.133208, -0.545319, -0.118453, -0.411839, -0.516037, -0.751062, -0.745726, -0.381452, 0.846145, -0.3722, 0.368727, 0.0, 0.0, 0.0, 1.0],
                [0.817545, 0.141369, -0.558242, -0.119642, -0.425712, -0.504445, -0.751202, -0.739127, -0.387799, 0.851792, -0.352224, 0.372491, 0.0, 0.0, 0.0, 1.0],
                [0.812036, 0.146757, -0.564853, -0.121451, -0.436063, -0.490683, -0.754373, -0.732444, -0.387874, 0.85889, -0.334457, 0.375219, 0.0, 0.0, 0.0, 1.0],
                [0.810812, 0.149104, -0.565997, -0.123901, -0.443598, -0.474318, -0.760423, -0.724931, -0.381845, 0.867635, -0.31844, 0.376636, 0.0, 0.0, 0.0, 1.0],
                [0.81204, 0.148604, -0.564364, -0.126754, -0.450328, -0.455543, -0.767909, -0.715646, -0.371207, 0.877723, -0.302999, 0.376793, 0.0, 0.0, 0.0, 1.0],
                [0.815214, 0.145712, -0.56053, -0.129889, -0.456163, -0.434786, -0.776451, -0.704999, -0.356849, 0.888667, -0.287975, 0.376018, 0.0, 0.0, 0.0, 1.0],
                [0.819794, 0.140886, -0.555058, -0.133181, -0.461054, -0.412514, -0.78566, -0.693403, -0.339658, 0.899991, -0.27322, 0.374636, 0.0, 0.0, 0.0, 1.0],
                [0.825238, 0.134607, -0.548511, -0.136507, -0.465023, -0.389224, -0.795147, -0.681269, -0.320525, 0.911255, -0.258607, 0.372977, 0.0, 0.0, 0.0, 1.0],
                [0.831023, 0.127388, -0.541455, -0.139743, -0.468176, -0.365434, -0.804531, -0.66901, -0.300353, 0.922079, -0.244044, 0.371367, 0.0, 0.0, 0.0, 1.0],
                [0.83666, 0.119788, -0.534463, -0.142764, -0.470712, -0.341676, -0.813442, -0.657037, -0.280054, 0.932152, -0.229481, 0.370137, 0.0, 0.0, 0.0, 1.0],
                [0.841699, 0.112409, -0.528116, -0.145446, -0.472925, -0.318488, -0.821527, -0.645764, -0.260546, 0.941238, -0.21491, 0.369616, 0.0, 0.0, 0.0, 1.0],
                [0.845732, 0.105889, -0.522996, -0.147664, -0.475197, -0.296409, -0.82845, -0.635602, -0.242745, 0.949173, -0.200365, 0.370134, 0.0, 0.0, 0.0, 1.0],
                [0.848381, 0.100899, -0.519682, -0.14929, -0.477982, -0.27598, -0.833888, -0.626966, -0.22756, 0.955853, -0.185908, 0.372022, 0.0, 0.0, 0.0, 1.0],
                [0.850052, 0.097225, -0.517648, -0.150362, -0.481156, -0.256429, -0.838291, -0.619584, -0.214243, 0.961661, -0.171198, 0.374737, 0.0, 0.0, 0.0, 1.0],
                [0.851415, 0.094107, -0.515981, -0.151041, -0.484279, -0.23673, -0.842278, -0.612854, -0.201413, 0.967007, -0.155982, 0.377577, 0.0, 0.0, 0.0, 1.0],
                [0.852492, 0.0914, -0.514687, -0.151388, -0.487371, -0.217043, -0.845791, -0.606689, -0.189014, 0.971874, -0.140482, 0.380639, 0.0, 0.0, 0.0, 1.0],
                [0.853305, 0.088962, -0.513767, -0.151466, -0.490452, -0.197532, -0.848786, -0.601001, -0.176995, 0.976251, -0.124923, 0.384021, 0.0, 0.0, 0.0, 1.0],
                [0.853869, 0.086653, -0.513223, -0.151336, -0.49354, -0.178364, -0.851237, -0.595704, -0.165303, 0.980141, -0.109533, 0.38782, 0.0, 0.0, 0.0, 1.0],
                [0.854205, 0.084334, -0.513052, -0.151059, -0.496643, -0.159705, -0.853136, -0.590712, -0.153885, 0.983556, -0.094537, 0.392134, 0.0, 0.0, 0.0, 1.0],
                [0.854326, 0.081863, -0.51325, -0.150698, -0.499767, -0.14172, -0.854487, -0.585936, -0.142689, 0.986516, -0.080163, 0.397059, 0.0, 0.0, 0.0, 1.0],
                [0.854247, 0.079105, -0.513814, -0.150315, -0.502918, -0.124577, -0.85531, -0.581291, -0.131669, 0.989052, -0.066636, 0.402694, 0.0, 0.0, 0.0, 1.0],
                [0.853981, 0.075921, -0.514735, -0.149969, -0.506092, -0.108437, -0.855636, -0.57669, -0.120777, 0.9912, -0.05418, 0.409137, 0.0, 0.0, 0.0, 1.0],
                [0.853543, 0.072175, -0.515999, -0.149725, -0.509284, -0.093462, -0.855508, -0.572046, -0.109972, 0.993003, -0.043016, 0.416484, 0.0, 0.0, 0.0, 1.0],
                [0.852941, 0.06773, -0.517594, -0.149642, -0.512491, -0.079809, -0.854975, -0.567273, -0.099216, 0.994507, -0.033361, 0.424835, 0.0, 0.0, 0.0, 1.0],
                [0.852182, 0.062448, -0.519506, -0.149783, -0.515713, -0.06763, -0.854088, -0.562283, -0.088471, 0.995754, -0.025428, 0.434287, 0.0, 0.0, 0.0, 1.0],
                [0.851123, 0.056456, -0.521922, -0.150099, -0.519118, -0.057478, -0.852767, -0.556972, -0.078143, 0.996749, -0.019614, 0.445492, 0.0, 0.0, 0.0, 1.0],
                [0.84965, 0.050024, -0.52497, -0.150493, -0.522864, -0.049625, -0.85097, -0.551391, -0.068621, 0.997514, -0.016008, 0.458779, 0.0, 0.0, 0.0, 1.0],
                [0.84781, 0.043234, -0.528535, -0.150954, -0.526912, -0.043806, -0.84879, -0.545684, -0.059849, 0.998104, -0.014358, 0.473756, 0.0, 0.0, 0.0, 1.0],
                [0.845652, 0.036154, -0.532509, -0.15147, -0.531219, -0.039747, -0.846301, -0.539996, -0.051763, 0.998555, -0.014407, 0.490032, 0.0, 0.0, 0.0, 1.0],
                [0.843228, 0.028859, -0.536782, -0.152028, -0.535728, -0.037183, -0.843571, -0.534473, -0.044304, 0.998892, -0.015894, 0.507214, 0.0, 0.0, 0.0, 1.0],
                [0.84059, 0.021419, -0.541248, -0.152617, -0.540378, -0.035846, -0.840658, -0.529261, -0.037408, 0.999128, -0.018558, 0.524911, 0.0, 0.0, 0.0, 1.0],
                [0.837797, 0.013906, -0.545805, -0.153226, -0.545101, -0.035471, -0.83762, -0.524503, -0.031008, 0.999274, -0.022137, 0.54273, 0.0, 0.0, 0.0, 1.0],
                [0.834907, 0.006396, -0.550354, -0.153843, -0.549821, -0.035797, -0.834515, -0.520347, -0.025038, 0.999339, -0.026371, 0.56028, 0.0, 0.0, 0.0, 1.0],
                [0.831981, -0.001036, -0.554803, -0.154455, -0.554464, -0.036562, -0.831404, -0.516936, -0.019423, 0.999331, -0.030993, 0.577169, 0.0, 0.0, 0.0, 1.0],
                [0.829082, -0.008311, -0.559065, -0.155052, -0.558949, -0.037511, -0.828353, -0.514416, -0.014087, 0.999262, -0.035745, 0.593005, 0.0, 0.0, 0.0, 1.0],
                [0.826145, -0.015641, -0.563241, -0.15565, -0.56338, -0.039583, -0.825249, -0.513178, -0.009387, 0.999094, -0.041513, 0.608576, 0.0, 0.0, 0.0, 1.0],
                [0.823073, -0.023218, -0.56746, -0.156274, -0.567907, -0.043612, -0.821937, -0.513313, -0.005664, 0.998779, -0.049082, 0.624643, 0.0, 0.0, 0.0, 1.0],
                [0.819879, -0.030924, -0.571701, -0.156918, -0.57253, -0.049187, -0.818407, -0.514515, -0.002812, 0.998311, -0.058032, 0.640779, 0.0, 0.0, 0.0, 1.0],
                [0.816581, -0.038638, -0.575936, -0.157579, -0.577231, -0.055901, -0.814665, -0.516477, -0.000719, 0.997688, -0.067951, 0.656556, 0.0, 0.0, 0.0, 1.0],
                [0.813196, -0.046236, -0.580151, -0.158253, -0.58199, -0.063348, -0.810725, -0.518895, 0.000733, 0.99692, -0.078423, 0.671546, 0.0, 0.0, 0.0, 1.0],
                [0.809739, -0.053589, -0.584338, -0.158935, -0.586788, -0.07112, -0.806611, -0.521463, 0.001667, 0.996027, -0.089034, 0.685321, 0.0, 0.0, 0.0, 1.0],
                [0.806228, -0.060564, -0.588496, -0.159622, -0.5916, -0.078818, -0.802369, -0.523876, 0.00221, 0.995047, -0.099375, 0.697453, 0.0, 0.0, 0.0, 1.0],
                [0.802679, -0.067026, -0.592632, -0.16031, -0.596405, -0.086043, -0.798058, -0.525828, 0.002499, 0.994034, -0.109039, 0.707515, 0.0, 0.0, 0.0, 1.0],
                [0.799081, -0.07303, -0.596771, -0.161011, -0.601219, -0.093374, -0.79361, -0.527536, 0.002235, 0.992949, -0.118521, 0.714379, 0.0, 0.0, 0.0, 1.0],
                [0.795422, -0.07863, -0.600933, -0.161734, -0.606055, -0.101442, -0.788928, -0.529386, 0.001074, 0.991729, -0.128343, 0.717853, 0.0, 0.0, 0.0, 1.0],
                [0.791714, -0.083681, -0.605133, -0.162469, -0.610891, -0.109929, -0.784046, -0.531324, -0.000912, 0.990411, -0.138152, 0.718915, 0.0, 0.0, 0.0, 1.0],
                [0.787969, -0.088037, -0.609389, -0.163209, -0.615704, -0.118522, -0.779013, -0.533294, -0.003644, 0.989041, -0.147596, 0.718542, 0.0, 0.0, 0.0, 1.0],
                [0.784195, -0.091548, -0.613724, -0.163943, -0.620474, -0.126911, -0.77389, -0.535243, -0.00704, 0.98768, -0.156326, 0.717712, 0.0, 0.0, 0.0, 1.0],
                [0.780402, -0.094063, -0.618163, -0.164661, -0.625181, -0.134791, -0.768752, -0.537116, -0.011012, 0.986399, -0.163997, 0.717401, 0.0, 0.0, 0.0, 1.0],
                [0.776637, -0.095304, -0.622698, -0.165363, -0.629748, -0.142382, -0.763639, -0.538988, -0.015883, 0.985213, -0.170596, 0.71713, 0.0, 0.0, 0.0, 1.0],
                [0.7729, -0.095335, -0.627325, -0.166056, -0.634154, -0.149991, -0.758519, -0.540915, -0.02178, 0.98408, -0.176385, 0.71602, 0.0, 0.0, 0.0, 1.0],
                [0.769125, -0.09451, -0.632072, -0.166743, -0.638471, -0.157445, -0.75337, -0.542822, -0.028315, 0.982995, -0.181437, 0.714453, 0.0, 0.0, 0.0, 1.0],
                [0.765246, -0.093182, -0.636958, -0.167427, -0.64278, -0.164564, -0.748166, -0.544633, -0.035105, 0.981955, -0.185828, 0.71281, 0.0, 0.0, 0.0, 1.0],
                [0.7612, -0.091704, -0.642001, -0.168111, -0.647171, -0.171168, -0.742881, -0.546271, -0.041765, 0.980965, -0.189641, 0.711473, 0.0, 0.0, 0.0, 1.0],
                [0.75693, -0.090423, -0.647209, -0.168798, -0.651736, -0.17707, -0.737486, -0.54766, -0.047916, 0.980036, -0.192962, 0.710826, 0.0, 0.0, 0.0, 1.0],
                [0.752248, -0.088911, -0.652853, -0.169498, -0.65669, -0.181886, -0.731898, -0.548823, -0.053671, 0.979292, -0.195211, 0.710826, 0.0, 0.0, 0.0, 1.0],
                [0.747157, -0.086839, -0.65895, -0.170216, -0.662008, -0.185499, -0.726179, -0.549846, -0.059174, 0.9788, -0.196085, 0.71113, 0.0, 0.0, 0.0, 1.0],
                [0.7419, -0.084702, -0.665139, -0.170942, -0.66744, -0.188118, -0.72051, -0.550752, -0.064096, 0.978487, -0.196098, 0.71166, 0.0, 0.0, 0.0, 1.0],
                [0.736733, -0.082996, -0.67107, -0.171669, -0.672744, -0.189941, -0.715079, -0.551562, -0.068115, 0.978281, -0.195771, 0.712338, 0.0, 0.0, 0.0, 1.0],
                [0.731489, -0.081713, -0.676939, -0.172384, -0.678126, -0.190841, -0.709736, -0.552291, -0.071193, 0.978214, -0.195009, 0.713093, 0.0, 0.0, 0.0, 1.0],
                [0.726117, -0.08061, -0.682829, -0.173072, -0.683634, -0.190772, -0.704451, -0.552957, -0.073479, 0.978319, -0.193631, 0.71385, 0.0, 0.0, 0.0, 1.0],
                [0.721073, -0.079849, -0.688243, -0.173718, -0.688794, -0.190058, -0.6996, -0.553584, -0.074943, 0.97852, -0.192045, 0.714535, 0.0, 0.0, 0.0, 1.0],
                [0.716824, -0.079595, -0.692696, -0.174311, -0.693147, -0.189017, -0.695572, -0.554196, -0.075567, 0.978743, -0.190663, 0.71507, 0.0, 0.0, 0.0, 1.0],
                [0.7138, -0.079734, -0.695796, -0.174749, -0.696269, -0.187887, -0.692754, -0.554653, -0.075495, 0.978949, -0.18963, 0.715412, 0.0, 0.0, 0.0, 1.0],
                [0.711733, -0.079987, -0.697881, -0.175012, -0.69843, -0.186707, -0.690895, -0.55489, -0.075037, 0.979154, -0.188751, 0.715623, 0.0, 0.0, 0.0, 1.0],
                [0.710051, -0.080286, -0.699559, -0.175204, -0.700207, -0.185508, -0.689418, -0.555038, -0.074423, 0.979357, -0.187937, 0.715781, 0.0, 0.0, 0.0, 1.0],
                [0.708169, -0.080555, -0.701433, -0.175432, -0.702167, -0.184316, -0.687742, -0.555231, -0.073884, 0.97956, -0.18709, 0.715964, 0.0, 0.0, 0.0, 1.0],
                [0.708169, -0.080555, -0.701433, -0.175432, -0.702167, -0.184316, -0.687742, -0.555231, -0.073884, 0.97956, -0.18709, 0.715964, 0.0, 0.0, 0.0, 1.0],
