{
    "animation": [
        {
            "name": "Root",
            "time": [0.0, 0.1, 0.2, 0.25, 0.3, 0.7, 0.9, 1.3, 1.7167],
            "transform": [
                [0.940469, 0.004763, -0.339846, -5e-06, -0.339874, 0.007504, -0.940441, 0.000946, -0.001929, 0.99996, 0.008676, 0.609424, 0.0, 0.0, 0.0, 1.0],
                [0.504719, -0.026035, -0.862891, -5e-06, -0.863282, -0.013427, -0.504543, 0.000946, 0.00155, 0.999571, -0.029252, 0.609424, 0.0, 0.0, 0.0, 1.0],
                [0.947772, 0.032692, 0.317269, -5e-06, 0.313461, 0.088253, -0.945491, 0.591927, -0.05891, 0.995561, 0.073396, 0.557846, 0.0, 0.0, 0.0, 1.0],
                [0.770534, 0.033068, 0.636541, -5e-06, 0.625464, 0.153121, -0.765081, 1.113007, -0.122768, 0.987654, 0.097302, 0.582056, 0.0, 0.0, 0.0, 1.0],
                [0.498896, 0.010761, 0.866595, -5e-06, 0.845805, 0.212004, -0.48956, 1.41803, -0.18899, 0.977209, 0.096667, 0.606267, 0.0, 0.0, 0.0, 1.0],
                [0.179171, 0.010761, 0.983759, -5e-06, 0.961041, 0.212004, -0.177353, 1.475221, -0.21047, 0.977209, 0.027644, 0.606267, 0.0, 0.0, 0.0, 1.0],
                [0.60358, 0.066522, 0.794522, -5e-06, 0.787527, 0.105828, -0.607126, 1.564186, -0.12447, 0.992157, 0.011488, 0.67463, 0.0, 0.0, 0.0, 1.0],
                [0.662953, -0.000195, -0.748661, -5e-06, -0.748558, 0.016457, -0.662865, 1.646796, 0.01245, 0.999865, 0.010764, 0.742994, 0.0, 0.0, 0.0, 1.0],
                [0.662953, -0.000195, -0.748661, -5e-06, -0.748558, 0.016457, -0.662865, 1.646796, 0.01245, 0.999865, 0.010764, 0.742994, 0.0, 0.0, 0.0, 1.0]
            ]
        },
        {
            "name": "Thigh_R",
            "time": [0.0, 0.1, 0.2, 0.25, 0.3, 0.7, 0.9, 1.3, 1.7167],
            "transform": [
                [0.954574, 0.292063, 0.059059, 0.124994, 0.274334, -0.938775, 0.208429, -0.00283, 0.116317, -0.182759, -0.976253, -1.2e-05, 0.0, 0.0, 0.0, 1.0],
                [0.954574, 0.292063, 0.059059, 0.124994, 0.274334, -0.938775, 0.208429, -0.00283, 0.116317, -0.182759, -0.976253, -1.2e-05, 0.0, 0.0, 0.0, 1.0],
                [0.844424, 0.535437, 0.015987, 0.124994, 0.448976, -0.723716, 0.524075, -0.002831, 0.29218, -0.435364, -0.851522, -1.2e-05, 0.0, 0.0, 0.0, 1.0],
                [0.769808, 0.63707, -0.039216, 0.124994, 0.500433, -0.564282, 0.656622, -0.00283, 0.396185, -0.525098, -0.7532, -1.2e-05, 0.0, 0.0, 0.0, 1.0],
                [0.688878, 0.716186, -0.111897, 0.124994, 0.523349, -0.38459, 0.76039, -0.00283, 0.501547, -0.582378, -0.639752, -1.2e-05, 0.0, 0.0, 0.0, 1.0],
                [0.688878, 0.716186, -0.111897, 0.124994, 0.523349, -0.38459, 0.76039, -0.00283, 0.501547, -0.582378, -0.639752, -1.2e-05, 0.0, 0.0, 0.0, 1.0],
                [0.823857, 0.539064, 0.175121, 0.124994, 0.363751, -0.739801, 0.566019, -0.00283, 0.434675, -0.402618, -0.805577, -1.2e-05, 0.0, 0.0, 0.0, 1.0],
                [0.893808, 0.2445, 0.375934, 0.124994, 0.156217, -0.955545, 0.250053, -0.00283, 0.42036, -0.164772, -0.892271, -1.2e-05, 0.0, 0.0, 0.0, 1.0],
                [0.893808, 0.2445, 0.375934, 0.124994, 0.156217, -0.955545, 0.250053, -0.00283, 0.42036, -0.164772, -0.892271, -1.2e-05, 0.0, 0.0, 0.0, 1.0]
            ]
        },
        {
            "name": "Leg_R",
            "time": [0.0, 0.1, 0.2, 0.25, 0.3, 0.7, 0.9, 1.3, 1.7167],
            "transform": [
                [0.999466, 0.020672, -0.0253, -0.0, 0.008718, 0.577551, 0.816308, 0.37472, 0.031486, -0.816093, 0.577062, 0.0, 0.0, 0.0, 0.0, 1.0],
                [0.999466, 0.020671, -0.0253, -0.0, 0.008718, 0.577551, 0.816308, 0.37472, 0.031486, -0.816093, 0.577062, -0.0, 0.0, 0.0, 0.0, 1.0],
                [0.997152, 0.058781, -0.047244, 0.0, 0.016091, 0.446203, 0.894787, 0.37472, 0.073677, -0.892999, 0.443987, 0.0, 0.0, 0.0, 0.0, 1.0],
                [0.995248, 0.076926, -0.059698, -0.0, 0.026435, 0.37661, 0.925995, 0.37472, 0.093716, -0.923172, 0.372787, -0.0, 0.0, 0.0, 0.0, 1.0],
                [0.992883, 0.095879, -0.070655, 0.0, 0.038237, 0.305225, 0.951514, 0.37472, 0.112795, -0.947442, 0.299386, -0.0, 0.0, 0.0, 0.0, 1.0],
                [0.992883, 0.095879, -0.070655, -0.0, 0.038237, 0.305225, 0.951514, 0.37472, 0.112795, -0.947442, 0.299386, -0.0, 0.0, 0.0, 0.0, 1.0],
                [0.998081, 0.036434, -0.050074, 0.0, 0.008706, 0.718023, 0.695967, 0.37472, 0.061311, -0.695067, 0.716326, 0.0, 0.0, 0.0, 0.0, 1.0],
                [0.999963, -0.008387, -0.002396, 0.0, 0.008723, 0.961411, 0.274989, 0.37472, -2e-06, -0.274999, 0.961443, -0.0, 0.0, 0.0, 0.0, 1.0],
                [0.999963, -0.008387, -0.002396, 0.0, 0.008723, 0.961411, 0.274989, 0.37472, -2e-06, -0.274999, 0.961443, -0.0, 0.0, 0.0, 0.0, 1.0]
            ]
        },
        {
            "name": "Knee_R",
            "time": [0.0, 0.1, 0.2, 0.25, 0.3, 0.7, 0.9, 1.3, 1.7167],
            "transform": [
                [0.999859, 0.00726, -0.015173, -0.0, -0.016812, 0.459552, -0.887992, 0.37472, 0.000526, 0.888121, 0.45961, -0.0, 0.0, 0.0, 0.0, 1.0],
                [0.999859, 0.00726, -0.015173, -0.0, -0.016812, 0.459552, -0.887992, 0.37472, 0.000527, 0.888121, 0.459609, -0.0, 0.0, 0.0, 0.0, 1.0],
                [0.99923, 0.022685, -0.032013, 0.0, -0.03916, 0.525821, -0.849693, 0.37472, -0.002442, 0.850293, 0.526304, 0.0, 0.0, 0.0, 0.0, 1.0],
                [0.9987, 0.029375, -0.041654, -0.0, -0.050958, 0.557704, -0.828474, 0.37472, -0.001106, 0.82952, 0.558475, -0.0, 0.0, 0.0, 0.0, 1.0],
                [0.998029, 0.036453, -0.051084, 0.0, -0.062753, 0.588562, -0.806013, 0.37472, 0.000684, 0.80763, 0.58969, -0.0, 0.0, 0.0, 0.0, 1.0],
                [0.998029, 0.036453, -0.051084, -0.0, -0.062753, 0.588562, -0.806013, 0.37472, 0.000684, 0.80763, 0.589689, -0.0, 0.0, 0.0, 0.0, 1.0],
                [0.999502, 0.013344, -0.028607, 0.0, -0.031525, 0.375296, -0.92637, 0.37472, -0.001625, 0.926809, 0.375529, 0.0, 0.0, 0.0, 0.0, 1.0],
                [0.999991, -0.004276, -0.000911, 0.0, -0.000309, 0.138846, -0.990314, 0.37472, 0.004362, 0.990305, 0.138843, -0.0, 0.0, 0.0, 0.0, 1.0],
                [0.999991, -0.004276, -0.000911, 0.0, -0.000309, 0.138846, -0.990314, 0.37472, 0.004362, 0.990305, 0.138843, -0.0, 0.0, 0.0, 0.0, 1.0]
            ]
        },
        {
            "name": "Thigh_L",
            "time": [0.0, 0.1, 0.2, 0.25, 0.3, 0.7, 0.9, 1.3, 1.7167],
            "transform": [
                [0.954395, -0.28363, 0.093195, -0.123669, -0.261768, -0.644899, 0.718041, -0.026767, -0.143556, -0.709689, -0.689734, 0.00451, 0.0, 0.0, 0.0, 1.0],
                [0.954395, -0.28363, 0.093195, -0.123669, -0.261769, -0.644899, 0.718041, -0.026767, -0.143556, -0.709689, -0.689734, 0.00451, 0.0, 0.0, 0.0, 1.0],
                [0.927025, -0.306198, 0.21649, -0.13065, -0.372027, -0.678392, 0.633545, -0.016919, -0.047125, -0.667852, -0.7428, 0.009709, 0.0, 0.0, 0.0, 1.0],
                [0.906414, -0.319883, 0.275842, -0.134141, -0.422371, -0.692666, 0.584651, -0.011995, 0.004047, -0.646443, -0.762952, 0.012309, 0.0, 0.0, 0.0, 1.0],
                [0.881447, -0.334995, 0.332909, -0.137632, -0.468886, -0.70511, 0.531944, -0.007071, 0.056539, -0.624977, -0.778592, 0.014908, 0.0, 0.0, 0.0, 1.0],
                [0.881447, -0.334995, 0.332909, -0.137632, -0.468886, -0.70511, 0.531944, -0.007071, 0.056539, -0.624977, -0.778592, 0.014908, 0.0, 0.0, 0.0, 1.0],
                [0.919972, -0.346811, -0.182682, -0.131319, -0.218003, -0.840005, 0.496856, -0.004951, -0.325769, -0.417269, -0.848387, 0.007448, 0.0, 0.0, 0.0, 1.0],
                [0.724952, -0.233361, -0.648064, -0.125006, -0.015732, -0.946225, 0.323126, -0.002831, -0.688619, -0.224056, -0.689639, -1.2e-05, 0.0, 0.0, 0.0, 1.0],
                [0.724952, -0.233361, -0.648064, -0.125006, -0.015732, -0.946225, 0.323126, -0.002831, -0.688619, -0.224056, -0.689639, -1.2e-05, 0.0, 0.0, 0.0, 1.0]
            ]
        },
        {
            "name": "Leg_L",
            "time": [0.0, 0.1, 0.2, 0.25, 0.3, 0.7, 0.9, 1.3, 1.7167],
            "transform": [
                [0.999692, -0.001115, 0.024782, 0.0, -0.011857, 0.856022, 0.516804, 0.37472, -0.021791, -0.516939, 0.855745, 0.0, 0.0, 0.0, 0.0, 1.0],
                [0.999692, -0.001115, 0.024782, 0.0, -0.011857, 0.856022, 0.516804, 0.37472, -0.021791, -0.516939, 0.855745, -0.0, 0.0, 0.0, 0.0, 1.0],
                [0.998105, 0.036666, 0.049407, 0.0, -0.060823, 0.709119, 0.70246, 0.37472, -0.009279, -0.704135, 0.710006, 0.0, 0.0, 0.0, 0.0, 1.0],
                [0.996474, 0.053128, 0.064934, 0.0, -0.083889, 0.619107, 0.780813, 0.37472, 0.001283, -0.783508, 0.621381, -0.0, 0.0, 0.0, 0.0, 1.0],
                [0.994334, 0.06749, 0.082148, -0.0, -0.105337, 0.520684, 0.847226, 0.37472, 0.014406, -0.851077, 0.524842, -0.0, 0.0, 0.0, 0.0, 1.0],
                [0.994334, 0.067491, 0.082148, 0.0, -0.105337, 0.520684, 0.847226, 0.37472, 0.014406, -0.851077, 0.524842, 0.0, 0.0, 0.0, 0.0, 1.0],
                [0.998541, 0.040928, 0.035275, 0.0, -0.053997, 0.779264, 0.624365, 0.37472, -0.001934, -0.625357, 0.780336, -0.0, 0.0, 0.0, 0.0, 1.0],
                [1.000001, 0.0, 1e-06, -0.0, -1e-06, 0.945214, 0.326449, 0.37472, -1e-06, -0.326449, 0.945215, -0.0, 0.0, 0.0, 0.0, 1.0],
                [1.000001, 0.0, 1e-06, -0.0, -1e-06, 0.945214, 0.326449, 0.37472, -1e-06, -0.326449, 0.945215, -0.0, 0.0, 0.0, 0.0, 1.0]
            ]
        },
        {
            "name": "Knee_L",
            "time": [0.0, 0.1, 0.2, 0.25, 0.3, 0.7, 0.9, 1.3, 1.7167],
            "transform": [
                [0.999922, 0.001136, 0.012466, 0.0, 0.011704, 0.268312, -0.963261, 0.37472, -0.00444, 0.963332, 0.268277, 0.0, 0.0, 0.0, 0.0, 1.0],
                [0.999922, 0.001136, 0.012466, 0.0, 0.011704, 0.268312, -0.963261, 0.37472, -0.00444, 0.963332, 0.268277, 0.0, 0.0, 0.0, 0.0, 1.0],
                [0.999508, 0.023231, 0.021085, 0.0, 0.010658, 0.380673, -0.924649, 0.37472, -0.029507, 0.924418, 0.380238, 0.0, 0.0, 0.0, 0.0, 1.0],
                [0.999072, 0.034031, 0.026402, 0.0, 0.008972, 0.435093, -0.90034, 0.37472, -0.042127, 0.899742, 0.434384, -0.0, 0.0, 0.0, 0.0, 1.0],
                [0.998486, 0.044509, 0.032321, -0.0, 0.006528, 0.487549, -0.873071, 0.37472, -0.054617, 0.871961, 0.48652, -0.0, 0.0, 0.0, 0.0, 1.0],
                [0.998486, 0.044509, 0.032321, 0.0, 0.006529, 0.487549, -0.873071, 0.37472, -0.054617, 0.87196, 0.48652, 0.0, 0.0, 0.0, 0.0, 1.0],
                [0.999624, 0.023481, 0.014151, 0.0, 0.005572, 0.331391, -0.943477, 0.37472, -0.026843, 0.943201, 0.331136, -0.0, 0.0, 0.0, 0.0, 1.0],
                [1.0, 0.0, -1e-06, 0.0, -1e-06, 0.165509, -0.986209, 0.37472, -0.0, 0.986209, 0.165509, -0.0, 0.0, 0.0, 0.0, 1.0],
                [1.0, 0.0, -1e-06, 0.0, -1e-06, 0.165509, -0.986209, 0.37472, -0.0, 0.986209, 0.165509, -0.0, 0.0, 0.0, 0.0, 1.0]
            ]
        },
        {
            "name": "Torso",
            "time": [0.0, 0.1, 0.2, 0.25, 0.3, 0.7, 0.9, 1.1, 1.3, 1.7167],
            "transform": [
                [0.998239, -0.059059, 0.005581, 0.0, 0.059322, 0.993811, -0.093916, 0.05, 0.0, 0.094081, 0.995564, 0.0, 0.0, 0.0, 0.0, 1.0],
                [0.999848, -0.017437, -0.00077, 0.0, 0.017454, 0.998876, 0.044062, 0.05, 0.0, -0.044069, 0.999029, 0.0, 0.0, 0.0, 0.0, 1.0],
                [0.998888, 0.047142, 0.000353, 0.0, -0.047144, 0.99886, 0.00748, 0.05, 0.0, -0.007489, 0.999972, 0.0, 0.0, 0.0, 0.0, 1.0],
                [0.996826, 0.079599, -0.00089, -0.0, -0.079604, 0.996764, -0.011139, 0.05, 0.0, 0.011174, 0.999938, -0.0, 0.0, 0.0, 0.0, 1.0],
                [0.993697, 0.112033, -0.003367, -0.0, -0.112083, 0.99325, -0.029846, 0.05, 0.0, 0.030035, 0.999547, 0.0, 0.0, 0.0, 0.0, 1.0],
                [0.993697, 0.112033, -0.003367, -0.0, -0.112084, 0.99325, -0.029846, 0.05, 0.0, 0.030035, 0.999548, -0.0, 0.0, 0.0, 0.0, 1.0],
                [0.999972, -0.007353, -1.6e-05, -0.0, 0.007353, 0.99997, 0.002177, 0.05, 1e-06, -0.002177, 0.999997, 0.0, 0.0, 0.0, 0.0, 1.0],
                [0.998888, -0.047136, -0.000596, 0.0, 0.04714, 0.998808, 0.012621, 0.05, 0.0, -0.012635, 0.99992, -0.0, 0.0, 0.0, 0.0, 1.0],
                [1.0, 0.0, -0.0, -0.0, -0.0, 1.0, -0.0, 0.05, 1e-06, 0.0, 1.0, -0.0, 0.0, 0.0, 0.0, 1.0],
                [1.0, 0.0, -0.0, -0.0, -0.0, 1.0, -0.0, 0.05, 1e-06, 0.0, 1.0, -0.0, 0.0, 0.0, 0.0, 1.0]
            ]
        },
        {
            "name": "Chest",
            "time": [0.0, 0.1, 0.2, 0.25, 0.3, 0.7, 0.9, 1.3, 1.7167],
            "transform": [
                [0.969306, -0.126824, -0.210623, 0.0, 0.191069, 0.927705, 0.320712, 0.35, 0.154722, -0.351112, 0.923462, 0.0, 0.0, 0.0, 0.0, 1.0],
                [0.9679, 0.005301, -0.25128, -0.0, -0.003801, 0.999972, 0.006457, 0.35, 0.251307, -0.005295, 0.967893, 0.0, 0.0, 0.0, 0.0, 1.0],
                [0.973114, 0.04539, 0.225807, 0.0, -0.067273, 0.993651, 0.090176, 0.35, -0.22028, -0.102942, 0.969989, 0.0, 0.0, 0.0, 0.0, 1.0],
                [0.888885, 0.046719, 0.455742, 0.0, -0.112558, 0.986566, 0.118402, 0.35, -0.444088, -0.156543, 0.882202, -0.0, 0.0, 0.0, 0.0, 1.0],
                [0.756711, 0.035413, 0.652792, 0.0, -0.16153, 0.9777, 0.134206, 0.35, -0.633482, -0.207, 0.745556, -0.0, 0.0, 0.0, 0.0, 1.0],
                [0.75671, 0.035413, 0.652792, 0.0, -0.16153, 0.9777, 0.134206, 0.35, -0.633482, -0.207, 0.745556, 0.0, 0.0, 0.0, 0.0, 1.0],
                [0.936905, 0.036894, 0.347633, -0.0, -0.068454, 0.994526, 0.078941, 0.35, -0.342818, -0.097757, 0.934302, 0.0, 0.0, 0.0, 0.0, 1.0],
                [1.0, -0.000232, 0.000874, 0.0, 0.000237, 0.99998, -0.006224, 0.35, -0.000872, 0.006224, 0.999981, 0.0, 0.0, 0.0, 0.0, 1.0],
                [1.0, -0.000232, 0.000874, 0.0, 0.000237, 0.99998, -0.006224, 0.35, -0.000872, 0.006224, 0.999981, 0.0, 0.0, 0.0, 0.0, 1.0]
            ]
        },
        {
            "name": "Head",
            "time": [0.0, 0.1, 0.2, 0.3, 0.7, 0.9, 1.3, 1.7167],
            "transform": [
                [0.831449, 0.156614, 0.533072, -0.0, -0.080631, 0.983305, -0.163128, 0.35, -0.54972, 0.09265, 0.830195, -0.0, 0.0, 0.0, 0.0, 1.0],
                [0.270964, 0.018311, 0.962415, -0.0, 0.010465, 0.999704, -0.021967, 0.35, -0.962532, 0.016024, 0.270693, -0.0, 0.0, 0.0, 0.0, 1.0],
                [0.844709, -0.187412, -0.501342, -0.0, 0.084666, 0.971686, -0.220584, 0.35, 0.528487, 0.143882, 0.836659, -0.0, 0.0, 0.0, 0.0, 1.0],
                [0.260868, -0.192335, -0.946021, -0.0, 0.077967, 0.980948, -0.177937, 0.35, 0.962221, -0.027341, 0.270894, 0.0, 0.0, 0.0, 0.0, 1.0],
                [0.052114, -0.102043, -0.993414, 0.0, 0.098647, 0.990427, -0.096562, 0.35, 0.993757, -0.092965, 0.061681, -0.0, 0.0, 0.0, 0.0, 1.0],
                [0.643678, -0.038277, -0.764338, 0.0, 0.119796, 0.991476, 0.051233, 0.350001, 0.755862, -0.124542, 0.642777, -0.0, 0.0, 0.0, 0.0, 1.0],
                [0.663605, 0.012678, 0.747976, -0.0, -0.005009, 0.999909, -0.012504, 0.35, -0.748066, 0.004552, 0.663608, 0.0, 0.0, 0.0, 0.0, 1.0],
                [0.663605, 0.012678, 0.747976, -0.0, -0.005009, 0.999909, -0.012504, 0.35, -0.748066, 0.004552, 0.663608, 0.0, 0.0, 0.0, 0.0, 1.0]
            ]
        },
        {
            "name": "Shoulder_R",
            "time": [0.0, 0.1, 0.2, 0.25, 0.3, 0.7, 0.9, 1.3, 1.7167],
            "transform": [
                [-1e-06, 0.965965, 0.258674, -0.0, -3e-06, -0.258674, 0.965965, 0.35, 1.0, -0.0, 3e-06, -0.0, 0.0, 0.0, 0.0, 1.0],
                [-1e-06, 0.965965, 0.258674, -0.0, -3e-06, -0.258674, 0.965965, 0.35, 1.0, -0.0, 3e-06, -0.0, 0.0, 0.0, 0.0, 1.0],
                [0.063117, 0.972691, 0.22336, -0.0, -0.041271, -0.221071, 0.974384, 0.35, 0.997153, -0.070718, 0.026191, -0.0, 0.0, 0.0, 0.0, 1.0],
                [0.095143, 0.973869, 0.206222, 0.0, -0.060951, -0.201074, 0.977678, 0.35, 0.993596, -0.105589, 0.040228, 0.0, 0.0, 0.0, 0.0, 1.0],
                [0.127368, 0.973586, 0.18949, -0.0, -0.079926, -0.180351, 0.980349, 0.35, 0.988633, -0.14001, 0.054844, 0.0, 0.0, 0.0, 0.0, 1.0],
                [0.127368, 0.973586, 0.18949, 0.0, -0.079926, -0.180351, 0.980349, 0.35, 0.988633, -0.14001, 0.054844, -0.0, 0.0, 0.0, 0.0, 1.0],
                [0.063117, 0.97269, 0.22336, 0.0, -0.041271, -0.221071, 0.974384, 0.350001, 0.997154, -0.070718, 0.02619, -0.0, 0.0, 0.0, 0.0, 1.0],
                [-1e-06, 0.965965, 0.258674, -0.0, -3e-06, -0.258674, 0.965965, 0.35, 1.0, -0.0, 3e-06, 0.0, 0.0, 0.0, 0.0, 1.0],
                [-1e-06, 0.965965, 0.258674, -0.0, -3e-06, -0.258674, 0.965965, 0.35, 1.0, -0.0, 3e-06, 0.0, 0.0, 0.0, 0.0, 1.0]
            ]
        },
        {
            "name": "Arm_R",
            "time": [0.0, 0.1, 0.15, 0.2, 0.25, 0.3, 0.7, 0.9, 1.1, 1.3, 1.7167],
            "transform": [
                [-0.156483, -0.580264, -0.799254, -0.0, -0.093913, 0.814298, -0.5728, 0.388213, 0.983206, -0.014573, -0.181917, 0.0, 0.0, 0.0, 0.0, 1.0],
                [0.394044, -0.203843, -0.896202, 0.0, -0.43121, 0.820112, -0.376132, 0.388213, 0.811657, 0.534663, 0.23526, 0.0, 0.0, 0.0, 0.0, 1.0],
                [0.880262, 0.440358, -0.176702, 0.0, -0.473757, 0.795028, -0.378793, 0.388213, -0.026322, 0.417151, 0.908456, 0.0, 0.0, 0.0, 0.0, 1.0],
                [0.348262, 0.044714, 0.93633, 0.0, 0.854463, 0.395629, -0.336705, 0.388213, -0.385494, 0.917322, 0.099575, 0.0, 0.0, 0.0, 0.0, 1.0],
                [0.587523, -0.763998, 0.26669, 0.0, 0.572347, 0.625313, 0.530474, 0.388213, -0.572046, -0.159026, 0.804658, -0.0, 0.0, 0.0, 0.0, 1.0],
                [0.680041, -0.720421, 0.136127, -0.0, 0.169563, 0.335173, 0.926775, 0.388213, -0.713296, -0.607162, 0.350093, -0.0, 0.0, 0.0, 0.0, 1.0],
                [0.599624, -0.756586, 0.260816, -0.0, -0.014308, 0.315715, 0.948748, 0.388213, -0.800154, -0.572623, 0.178488, 0.0, 0.0, 0.0, 0.0, 1.0],
                [0.607003, -0.68375, -0.405006, -0.0, 0.335785, -0.241235, 0.910526, 0.388213, -0.720274, -0.688686, 0.083164, 0.0, 0.0, 0.0, 0.0, 1.0],
                [-0.316856, -0.199755, -0.927201, -0.0, 0.546479, 0.76055, -0.350603, 0.388213, 0.775218, -0.617786, -0.131823, 0.0, 0.0, 0.0, 0.0, 1.0],
                [0.090481, 0.11896, -0.988769, -0.0, 0.835352, 0.531487, 0.140386, 0.388213, 0.542218, -0.838671, -0.051285, -0.0, 0.0, 0.0, 0.0, 1.0],
                [0.090481, 0.11896, -0.988769, -0.0, 0.835352, 0.531487, 0.140386, 0.388213, 0.542218, -0.838671, -0.051285, -0.0, 0.0, 0.0, 0.0, 1.0]
            ]
        },
        {
            "name": "Hand_R",
            "time": [0.0, 0.1, 0.15, 0.2, 0.25, 0.3, 0.7, 0.9, 1.3, 1.7167],
            "transform": [
                [0.999999, 0.001493, -0.000273, 0.0, -0.001494, 0.99999, -0.004108, 0.329779, 0.000266, 0.004108, 0.999991, -0.0, 0.0, 0.0, 0.0, 1.0],
                [0.999999, 0.000945, -0.001187, -0.0, -0.001494, 0.750383, -0.661001, 0.329779, 0.000266, 0.661002, 0.750384, 0.0, 0.0, 0.0, 0.0, 1.0],
                [0.999999, 0.0, 0.0, 0.0, -0.0, 0.992155, 0.125011, 0.329779, -0.0, -0.125011, 0.992155, 0.0, 0.0, 0.0, 0.0, 1.0],
                [1.0, 0.000373, -0.000694, 0.0, -0.00071, 0.807629, -0.58969, 0.329779, 0.000341, 0.58969, 0.807629, 0.0, 0.0, 0.0, 0.0, 1.0],
                [1.0, 0.00023, -0.000315, 0.0, -0.000325, 0.937808, -0.347153, 0.329779, 0.000215, 0.347153, 0.937808, 0.0, 0.0, 0.0, 0.0, 1.0],
                [1.0, 0.0, 0.0, -0.0, -0.0, 0.996086, -0.08842, 0.329779, -0.0, 0.08842, 0.99608, 0.0, 0.0, 0.0, 0.0, 1.0],
                [1.0, 0.0, 0.0, 0.0, -0.0, 0.996085, -0.08842, 0.329779, -0.0, 0.08842, 0.996081, 0.0, 0.0, 0.0, 0.0, 1.0],
                [1.000001, 0.0, 0.0, -0.0, -0.0, 0.986253, -0.165251, 0.329779, -0.0, 0.16525, 0.98625, -0.0, 0.0, 0.0, 0.0, 1.0],
                [1.0, 0.0, -0.0, -0.0, -0.0, 0.970503, -0.24109, 0.329779, -0.0, 0.241089, 0.970502, 0.0, 0.0, 0.0, 0.0, 1.0],
                [1.0, 0.0, -0.0, -0.0, -0.0, 0.970503, -0.24109, 0.329779, -0.0, 0.241089, 0.970502, 0.0, 0.0, 0.0, 0.0, 1.0]
            ]
        },
        {
            "name": "Tool_R",
            "time": [0.0, 0.1, 0.2, 0.25, 0.3, 0.7, 0.9, 1.3, 1.7167],
            "transform": [
                [0.999812, 0.01937, -6e-06, -0.02, 0.01937, -0.9998, -0.004873, 0.291425, -0.000101, 0.004872, -0.999988, -0.0, 0.0, 0.0, 0.0, 1.0],
                [0.999812, 0.01937, -6e-06, -0.02, 0.019371, -0.999801, -0.004873, 0.291425, -0.000101, 0.004872, -0.999988, 0.0, 0.0, 0.0, 0.0, 1.0],
                [0.999975, 0.006954, 0.000711, -0.02, 0.006976, -0.986256, -0.165076, 0.291425, -0.000447, 0.165077, -0.98628, -0.0, 0.0, 0.0, 0.0, 1.0],
                [1.0, 0.000732, 0.000318, -0.02, 0.000788, -0.969784, -0.24396, 0.291425, 0.000129, 0.243961, -0.969785, -0.0, 0.0, 0.0, 0.0, 1.0],
                [0.999986, -0.005417, -0.000571, -0.02, -0.005314, -0.947061, -0.321011, 0.291425, 0.001198, 0.321006, -0.947077, -0.0, 0.0, 0.0, 0.0, 1.0],
                [0.999986, -0.005418, -0.000572, -0.02, -0.005314, -0.947061, -0.321011, 0.291425, 0.001198, 0.321006, -0.947077, 0.0, 0.0, 0.0, 0.0, 1.0],
                [0.999997, -0.002704, -0.000328, -0.02, -0.002648, -0.93667, -0.350205, 0.291425, 0.00064, 0.350203, -0.936674, 0.0, 0.0, 0.0, 0.0, 1.0],
                [1.0, -0.0, 0.0, -0.02, -0.0, -0.925372, -0.379061, 0.291425, 0.0, 0.379061, -0.925372, 0.0, 0.0, 0.0, 0.0, 1.0],
                [1.0, -0.0, 0.0, -0.02, -0.0, -0.925372, -0.379061, 0.291425, 0.0, 0.379061, -0.925372, 0.0, 0.0, 0.0, 0.0, 1.0]
            ]
        },
        {
            "name": "Elbow_R",
            "time": [0.0, 0.1, 0.2, 0.25, 0.3, 0.7, 0.9, 1.3, 1.7167],
            "transform": [
                [-0.999978, 7e-06, 1.7e-05, 0.0, 1.9e-05, 0.012852, -0.999901, 0.329779, -2e-06, -0.99988, -0.012858, -0.0, 0.0, 0.0, 0.0, 1.0],
                [-1.0, 0.0, -0.0, -0.0, 0.0, 0.363362, -0.931648, 0.329779, -0.0, -0.931647, -0.363362, 0.0, 0.0, 0.0, 0.0, 1.0],
                [-1.0, 0.0, -0.0, 0.0, 0.0, 0.320385, -0.947288, 0.329779, -0.0, -0.947287, -0.320385, 0.0, 0.0, 0.0, 0.0, 1.0],
                [-1.0, 0.0, -0.0, 0.0, 0.0, 0.186958, -0.982368, 0.329779, 0.0, -0.982367, -0.186958, 0.0, 0.0, 0.0, 0.0, 1.0],
                [-1.0, 0.0, -0.0, -0.0, 0.0, 0.055038, -0.998486, 0.329779, -0.0, -0.998481, -0.055038, 0.0, 0.0, 0.0, 0.0, 1.0],
                [-1.0, -0.0, -1e-06, 0.0, 1e-06, 0.055038, -0.998486, 0.329779, -0.0, -0.998482, -0.055038, 0.0, 0.0, 0.0, 0.0, 1.0],
                [-1.000001, 0.0, -1e-06, -0.0, 1e-06, 0.08829, -0.996096, 0.329779, -0.0, -0.996093, -0.08829, -0.0, 0.0, 0.0, 0.0, 1.0],
                [-1.0, 0.0, -0.0, -0.0, 1e-06, 0.121444, -0.992599, 0.329779, -0.0, -0.992597, -0.121444, 0.0, 0.0, 0.0, 0.0, 1.0],
                [-1.0, 0.0, -0.0, -0.0, 1e-06, 0.121444, -0.992599, 0.329779, -0.0, -0.992597, -0.121444, 0.0, 0.0, 0.0, 0.0, 1.0]
            ]
        },
        {
            "name": "Shoulder_L",
            "time": [0.0, 0.1, 0.2, 0.25, 0.3, 0.7, 0.9, 1.3, 1.7167],
            "transform": [
                [0.0, -0.965965, -0.258673, -0.0, -0.0, -0.258673, 0.965965, 0.35, -1.0, -0.0, -0.0, -0.0, 0.0, 0.0, 0.0, 1.0],
                [0.0, -0.965965, -0.258673, -0.0, -0.0, -0.258673, 0.965965, 0.35, -1.0, -0.0, -0.0, -0.0, 0.0, 0.0, 0.0, 1.0],
                [0.0, -0.906372, -0.422482, -0.0, -0.0, -0.422482, 0.906371, 0.35, -1.0, -0.0, -0.0, -0.0, 0.0, 0.0, 0.0, 1.0],
                [0.0, -0.906371, -0.422482, 0.0, -0.0, -0.422482, 0.906371, 0.35, -1.0, -0.0, -0.0, 0.0, 0.0, 0.0, 0.0, 1.0],
                [0.0, -0.906372, -0.422482, -0.0, -0.0, -0.422482, 0.906371, 0.35, -1.0, -0.0, -0.0, 0.0, 0.0, 0.0, 0.0, 1.0],
                [0.0, -0.952332, -0.305064, 0.0, -0.0, -0.305064, 0.952332, 0.35, -1.0, -0.0, -0.0, -0.0, 0.0, 0.0, 0.0, 1.0],
                [0.0, -0.959439, -0.281915, 0.0, -0.0, -0.281915, 0.959439, 0.350001, -1.0, -0.0, -0.0, -0.0, 0.0, 0.0, 0.0, 1.0],
                [0.0, -0.965965, -0.258673, -0.0, -0.0, -0.258673, 0.965965, 0.35, -1.0, -0.0, -0.0, 0.0, 0.0, 0.0, 0.0, 1.0],
                [0.0, -0.965965, -0.258673, -0.0, -0.0, -0.258673, 0.965965, 0.35, -1.0, -0.0, -0.0, 0.0, 0.0, 0.0, 0.0, 1.0]
            ]
        },
        {
            "name": "Arm_L",
            "time": [0.0, 0.1, 0.2, 0.25, 0.3, 0.7, 0.9, 1.3, 1.7167],
            "transform": [
                [-0.404725, 0.904042, 0.137495, 0.0, -0.079173, 0.115152, -0.990188, 0.388212, -0.911004, -0.41164, 0.024971, 0.0, 0.0, 0.0, 0.0, 1.0],
                [0.297657, 0.120706, 0.947011, -0.0, -0.241495, 0.969232, -0.047634, 0.388212, -0.923623, -0.21452, 0.317649, -0.0, 0.0, 0.0, 0.0, 1.0],
                [-0.074147, 0.393065, 0.916516, 0.0, -0.358944, 0.84693, -0.392261, 0.388212, -0.930409, -0.358063, 0.078291, -0.0, 0.0, 0.0, 0.0, 1.0],
                [-0.220804, -0.165476, 0.961178, 0.0, -0.21604, 0.969319, 0.117248, 0.388212, -0.95109, -0.181763, -0.249779, -0.0, 0.0, 0.0, 0.0, 1.0],
                [-0.446407, -0.093453, 0.889936, 0.0, -0.08499, 0.994464, 0.061797, 0.388212, -0.890784, -0.048049, -0.451879, 0.0, 0.0, 0.0, 0.0, 1.0],
                [-0.508164, 0.235489, 0.828441, 0.0, -0.020786, 0.95826, -0.285141, 0.388212, -0.861009, -0.162118, -0.482059, 0.0, 0.0, 0.0, 0.0, 1.0],
                [-0.295392, -0.08635, 0.951466, -0.0, -0.184822, 0.982258, 0.031765, 0.388212, -0.937328, -0.166468, -0.30611, 0.0, 0.0, 0.0, 0.0, 1.0],
                [-0.093881, -0.171431, 0.980713, -0.0, -0.896813, 0.442327, -0.00853, 0.388212, -0.432334, -0.880317, -0.195267, -0.0, 0.0, 0.0, 0.0, 1.0],
                [-0.093881, -0.171431, 0.980713, -0.0, -0.896813, 0.442327, -0.00853, 0.388212, -0.432334, -0.880317, -0.195267, -0.0, 0.0, 0.0, 0.0, 1.0]
            ]
        },
        {
            "name": "Hand_L",
            "time": [0.0, 0.1, 0.2, 0.25, 0.3, 0.7, 0.9, 1.3, 1.7167],
            "transform": [
                [1.0, 1e-06, 0.0, 0.0, -0.0, 0.932544, -0.361058, 0.329779, -0.0, 0.361058, 0.932543, 0.0, 0.0, 0.0, 0.0, 1.0],
                [1.0, 6e-06, 6e-06, -0.0, 1e-06, 0.619947, -0.784644, 0.329779, -9e-06, 0.784644, 0.619947, 0.0, 0.0, 0.0, 0.0, 1.0],
                [1.0, 1e-06, -0.0, -0.0, -0.0, 0.242791, -0.970079, 0.329779, -1e-06, 0.970079, 0.242791, -0.0, 0.0, 0.0, 0.0, 1.0],
                [1.0, 1e-06, -0.0, 0.0, -0.0, 0.187132, -0.982335, 0.329779, -1e-06, 0.982335, 0.187132, 0.0, 0.0, 0.0, 0.0, 1.0],
                [1.000001, 1e-06, -0.0, 0.0, -0.0, -0.006992, -0.999976, 0.329779, -1e-06, 0.999976, -0.006992, -0.0, 0.0, 0.0, 0.0, 1.0],
                [1.000001, 1e-06, -0.0, -0.0, -0.0, -0.006992, -0.999976, 0.329779, -1e-06, 0.999976, -0.006992, -0.0, 0.0, 0.0, 0.0, 1.0],
                [1.000001, 1e-06, 0.0, 0.0, -0.0, 0.622805, -0.782377, 0.329779, -1e-06, 0.782377, 0.622805, 0.0, 0.0, 0.0, 0.0, 1.0],
                [1.0, 0.0, 0.0, 0.0, -0.0, 0.984029, -0.178011, 0.329779, -0.0, 0.178011, 0.984028, 0.0, 0.0, 0.0, 0.0, 1.0],
                [1.0, 0.0, 0.0, 0.0, -0.0, 0.984029, -0.178011, 0.329779, -0.0, 0.178011, 0.984028, 0.0, 0.0, 0.0, 0.0, 1.0]
            ]
        },
        {
            "name": "Tool_L",
            "time": [0.0, 0.1, 0.2, 0.25, 0.3, 0.7, 0.9, 1.3, 1.7167],
            "transform": [
                [1.0, 3.3e-05, -8.3e-05, 0.02, 3.3e-05, -1.0, 0.000154, 0.291426, -8.3e-05, -0.000154, -1.0, 0.0, 0.0, 0.0, 0.0, 1.0],
                [1.0, 3.3e-05, -8.3e-05, 0.02, 3.3e-05, -1.0, 0.000154, 0.291426, -8.3e-05, -0.000154, -1.0, 0.0, 0.0, 0.0, 0.0, 1.0],
                [1.0, 3.3e-05, -8.3e-05, 0.02, 3.3e-05, -1.0, 0.000154, 0.291426, -8.3e-05, -0.000154, -1.0, -0.0, 0.0, 0.0, 0.0, 1.0],
                [1.0, 3.3e-05, -8.3e-05, 0.02, 3.3e-05, -1.0, 0.000154, 0.291426, -8.3e-05, -0.000154, -1.0, 0.0, 0.0, 0.0, 0.0, 1.0],
                [1.0, 3.3e-05, -8.3e-05, 0.02, 3.3e-05, -1.0, 0.000154, 0.291426, -8.3e-05, -0.000154, -1.0, -0.0, 0.0, 0.0, 0.0, 1.0],
                [1.0, 3.3e-05, -8.3e-05, 0.02, 3.3e-05, -1.0, 0.000154, 0.291426, -8.3e-05, -0.000154, -1.0, -0.0, 0.0, 0.0, 0.0, 1.0],
                [1.0, 1.6e-05, -4.1e-05, 0.017105, 1.6e-05, -1.0, 7.7e-05, 0.260748, -4.1e-05, -7.7e-05, -1.0, 0.031535, 0.0, 0.0, 0.0, 1.0],
                [1.0, -0.0, 0.0, 0.014211, 0.0, -1.0, 0.0, 0.23007, 0.0, -0.0, -1.0, 0.063071, 0.0, 0.0, 0.0, 1.0],
                [1.0, -0.0, 0.0, 0.014211, 0.0, -1.0, 0.0, 0.23007, 0.0, -0.0, -1.0, 0.063071, 0.0, 0.0, 0.0, 1.0]
            ]
        },
        {
            "name": "Elbow_L",
            "time": [0.0, 0.1, 0.2, 0.25, 0.3, 0.7, 0.9, 1.3, 1.7167],
            "transform": [
                [-1.0, -0.0, -0.0, 0.0, 0.0, 0.183652, -0.982991, 0.329779, 0.0, -0.982991, -0.183652, -0.0, 0.0, 0.0, 0.0, 1.0],
                [-1.0, 0.0, -0.0, -0.0, 0.0, 0.43592, -0.899985, 0.329779, 0.0, -0.899985, -0.43592, 0.0, 0.0, 0.0, 0.0, 1.0],
                [-1.0, 0.0, -0.0, -0.0, 0.0, 0.615308, -0.788287, 0.329779, 0.0, -0.788286, -0.615308, -0.0, 0.0, 0.0, 0.0, 1.0],
                [-1.0, 0.0, -0.0, 0.0, 0.0, 0.637521, -0.770432, 0.329779, 0.0, -0.770432, -0.637522, 0.0, 0.0, 0.0, 0.0, 1.0],
                [-1.0, 0.0, -1e-06, 0.0, 0.0, 0.709575, -0.70463, 0.329779, 0.0, -0.70463, -0.709574, -0.0, 0.0, 0.0, 0.0, 1.0],
                [-1.0, 0.0, -0.0, -0.0, 0.0, 0.709575, -0.70463, 0.329779, 0.0, -0.70463, -0.709574, -0.0, 0.0, 0.0, 0.0, 1.0],
                [-1.0, 0.0, -0.0, 0.0, 0.0, 0.434278, -0.900779, 0.329779, 0.0, -0.900779, -0.434278, 0.0, 0.0, 0.0, 0.0, 1.0],
                [-1.0, -0.0, -0.0, -0.0, 0.0, 0.089363, -0.995999, 0.329779, 0.0, -0.995999, -0.089363, 0.0, 0.0, 0.0, 0.0, 1.0],
                [-1.0, -0.0, -0.0, -0.0, 0.0, 0.089363, -0.995999, 0.329779, 0.0, -0.995999, -0.089363, 0.0, 0.0, 0.0, 0.0, 1.0]
            ]
        }
    ]
}