{
    "animation": [
        {
            "name": "Root",
            "time": [0.0, 0.1, 0.15, 0.2, 0.3, 0.7, 1.0, 1.3],
            "transform": [
                [0.330209, -0.100681, -0.938523, 0.002583, -0.930639, 0.131404, -0.341532, 0.000946, 0.157712, 0.986203, -0.050306, 0.521331, 0.0, 0.0, 0.0, 1.0],
                [0.135238, -0.102277, -0.98552, 0.001844, -0.984283, 0.100143, -0.145461, 0.098442, 0.11357, 0.989702, -0.087126, 0.58476, 0.0, 0.0, 0.0, 1.0],
                [0.713407, -0.064728, -0.697755, 0.001659, -0.694897, 0.063082, -0.716337, 0.390022, 0.090383, 0.995907, 2.4e-05, 0.600617, 0.0, 0.0, 0.0, 1.0],
                [0.59177, -0.015604, 0.805956, 0.001474, 0.803971, 0.084153, -0.588684, 0.698191, -0.058638, 0.996331, 0.062344, 0.616475, 0.0, 0.0, 0.0, 1.0],
                [-0.059602, -0.010654, 0.998165, -5e-06, 0.990094, 0.126717, 0.060473, 1.090786, -0.127129, 0.991882, 0.002996, 0.673332, 0.0, 0.0, 0.0, 1.0],
                [-0.404119, -0.010654, 0.914644, -5e-06, 0.906776, 0.126717, 0.402119, 1.161549, -0.120185, 0.991882, -0.041548, 0.673332, 0.0, 0.0, 0.0, 1.0],
                [0.42246, 0.033297, 0.90577, 1.3e-05, 0.905177, 0.036012, -0.423507, 1.338067, -0.04672, 0.998796, -0.014926, 0.71936, 0.0, 0.0, 0.0, 1.0],
                [0.662953, -0.000195, -0.748661, 2.2e-05, -0.748558, 0.016457, -0.662865, 1.399848, 0.01245, 0.999865, 0.010764, 0.742994, 0.0, 0.0, 0.0, 1.0]
            ]
        },
        {
            "name": "Thigh_R",
            "time": [0.0, 0.2, 0.3, 0.7, 1.3],
            "transform": [
                [0.977036, 0.196344, -0.082777, 0.124994, 0.200744, -0.717911, 0.666562, -0.002831, 0.071449, -0.667871, -0.740839, -1.2e-05, 0.0, 0.0, 0.0, 1.0],
                [0.978192, 0.206708, -0.020268, 0.124994, 0.193885, -0.873731, 0.44605, -0.00283, 0.074496, -0.440248, -0.894761, -1.2e-05, 0.0, 0.0, 0.0, 1.0],
                [0.9076, 0.419449, -0.017594, 0.124994, 0.413705, -0.886447, 0.207429, -0.002831, 0.071413, -0.195545, -0.97806, -1.2e-05, 0.0, 0.0, 0.0, 1.0],
                [0.946515, 0.32222, 0.016438, 0.124994, 0.318033, -0.940349, 0.120685, -0.00283, 0.054347, -0.109004, -0.992523, -1.2e-05, 0.0, 0.0, 0.0, 1.0],
                [0.893808, 0.2445, 0.375934, 0.124994, 0.156217, -0.955545, 0.250053, -0.00283, 0.42036, -0.164772, -0.892271, -1.2e-05, 0.0, 0.0, 0.0, 1.0]
            ]
        },
        {
            "name": "Leg_R",
            "time": [0.0, 0.2, 0.3, 0.7, 1.3],
            "transform": [
                [0.99996, 0.00099, -0.008666, -0.0, 0.008723, -0.113759, 0.99347, 0.37472, -2e-06, -0.993508, -0.113763, -0.0, 0.0, 0.0, 0.0, 1.0],
                [0.999961, -0.003557, -0.007964, -0.0, 0.008723, 0.407565, 0.913165, 0.37472, -2e-06, -0.913183, 0.40758, 0.0, 0.0, 0.0, 0.0, 1.0],
                [0.999967, -0.005772, -0.00654, 0.0, 0.008723, 0.661509, 0.749915, 0.37472, -3e-06, -0.749976, 0.661522, 0.0, 0.0, 0.0, 0.0, 1.0],
                [0.999967, -0.005772, -0.00654, -0.0, 0.008723, 0.661509, 0.749915, 0.37472, -2e-06, -0.749976, 0.661522, -0.0, 0.0, 0.0, 0.0, 1.0],
                [0.999963, -0.008387, -0.002396, -0.0, 0.008723, 0.961411, 0.274989, 0.37472, -2e-06, -0.274999, 0.961443, -0.0, 0.0, 0.0, 0.0, 1.0]
            ]
        },
        {
            "name": "Knee_R",
            "time": [0.0, 0.2, 0.3, 0.7, 1.3],
            "transform": [
                [0.999989, -0.001441, -0.004559, -0.0, -0.001959, 0.746245, -0.665669, 0.37472, 0.004362, 0.665671, 0.746233, 0.0, 0.0, 0.0, 0.0, 1.0],
                [0.999989, -0.002954, -0.003461, 0.0, -0.001296, 0.544257, -0.83892, 0.37472, 0.004362, 0.838911, 0.544245, 0.0, 0.0, 0.0, 0.0, 1.0],
                [0.99999, -0.003587, -0.002654, -0.0, -0.000943, 0.411395, -0.911454, 0.37472, 0.004362, 0.911452, 0.41139, -0.0, 0.0, 0.0, 0.0, 1.0],
                [0.99999, -0.003587, -0.002654, 0.0, -0.000943, 0.411395, -0.911455, 0.37472, 0.004361, 0.911452, 0.41139, -0.0, 0.0, 0.0, 0.0, 1.0],
                [0.999991, -0.004276, -0.000911, -0.0, -0.000309, 0.138846, -0.990314, 0.37472, 0.004362, 0.990305, 0.138843, -0.0, 0.0, 0.0, 0.0, 1.0]
            ]
        },
        {
            "name": "Thigh_L",
            "time": [0.0, 0.2, 0.3, 0.7, 1.3],
            "transform": [
                [0.988078, -0.087398, 0.126589, -0.129467, -0.150134, -0.727171, 0.66981, -0.002812, 0.033513, -0.680857, -0.731623, 0.001538, 0.0, 0.0, 0.0, 1.0],
                [0.969153, -0.218658, 0.113359, -0.129346, -0.245617, -0.892072, 0.379266, -0.002813, 0.018195, -0.395437, -0.918274, 0.001496, 0.0, 0.0, 0.0, 1.0],
                [0.960227, -0.25484, 0.114102, -0.129186, -0.278071, -0.909782, 0.308176, -0.002813, 0.025272, -0.327648, -0.944462, 0.00144, 0.0, 0.0, 0.0, 1.0],
                [0.960227, -0.25484, 0.114102, -0.129186, -0.278071, -0.909782, 0.308176, -0.002813, 0.025272, -0.327648, -0.944462, 0.00144, 0.0, 0.0, 0.0, 1.0],
                [0.724952, -0.233361, -0.648064, -0.125006, -0.015732, -0.946225, 0.323126, -0.002831, -0.688619, -0.224056, -0.689639, -1.2e-05, 0.0, 0.0, 0.0, 1.0]
            ]
        },
        {
            "name": "Leg_L",
            "time": [0.0, 0.2, 0.3, 0.7, 1.3],
            "transform": [
                [1.000019, -1e-06, 2e-06, -0.0, -1e-06, 0.409285, 0.912424, 0.37472, -1e-06, -0.912434, 0.409296, 0.0, 0.0, 0.0, 0.0, 1.0],
                [1.000042, 0.0, 2e-06, 0.0, -1e-06, 0.818201, 0.574956, 0.37472, -1e-06, -0.574973, 0.818222, 0.0, 0.0, 0.0, 0.0, 1.0],
                [1.0, 1e-06, 1e-06, 0.0, -1e-06, 0.956456, 0.291873, 0.37472, -1e-06, -0.291873, 0.956456, 0.0, 0.0, 0.0, 0.0, 1.0],
                [1.0, 1e-06, 1e-06, -0.0, -1e-06, 0.956456, 0.291873, 0.37472, -1e-06, -0.291873, 0.956456, 0.0, 0.0, 0.0, 0.0, 1.0],
                [1.000001, 0.0, 1e-06, 0.0, -1e-06, 0.945214, 0.326449, 0.37472, -1e-06, -0.326449, 0.945215, 0.0, 0.0, 0.0, 0.0, 1.0]
            ]
        },
        {
            "name": "Knee_L",
            "time": [0.0, 0.2, 0.3, 0.7, 1.3],
            "transform": [
                [1.0, 1e-06, -1e-06, -0.0, -1e-06, 0.543468, -0.839423, 0.37472, -0.0, 0.839433, 0.543474, 0.0, 0.0, 0.0, 0.0, 1.0],
                [1.0, 1e-06, -1e-06, 0.0, -1e-06, 0.301506, -0.953462, 0.37472, -0.0, 0.953467, 0.301507, 0.0, 0.0, 0.0, 0.0, 1.0],
                [1.0, 1e-06, -1e-06, 0.0, -1e-06, 0.147553, -0.989054, 0.37472, -1e-06, 0.989054, 0.147553, 0.0, 0.0, 0.0, 0.0, 1.0],
                [1.0, 1e-06, -1e-06, -0.0, -1e-06, 0.147553, -0.989054, 0.37472, -0.0, 0.989054, 0.147553, 0.0, 0.0, 0.0, 0.0, 1.0],
                [1.0, 0.0, -1e-06, 0.0, -1e-06, 0.165509, -0.986209, 0.37472, -0.0, 0.986209, 0.165509, 0.0, 0.0, 0.0, 0.0, 1.0]
            ]
        },
        {
            "name": "Torso",
            "time": [0.0, 0.1, 0.2, 0.3, 0.7, 1.3],
            "transform": [
                [0.999762, -0.021773, -0.001697, 0.0, 0.021839, 0.996741, 0.077667, 0.05, 0.0, -0.077685, 0.996978, 0.0, 0.0, 0.0, 0.0, 1.0],
                [1.0, 0.000455, 2.5e-05, -0.0, -0.000456, 0.99847, 0.055295, 0.05, 0.0, -0.055295, 0.99847, -0.0, 0.0, 0.0, 0.0, 1.0],
                [0.999932, 0.011599, 0.000511, -0.0, -0.01161, 0.99896, 0.044081, 0.05, 0.0, -0.044084, 0.999028, 0.0, 0.0, 0.0, 0.0, 1.0],
                [0.999774, -0.021192, 0.001436, -0.0, 0.02124, 0.997484, -0.067633, 0.05, 0.0, 0.067648, 0.997709, 0.0, 0.0, 0.0, 0.0, 1.0],
                [0.999873, -0.015906, 0.00108, -0.0, 0.015942, 0.997575, -0.06775, 0.05, 0.0, 0.067759, 0.997702, 0.0, 0.0, 0.0, 0.0, 1.0],
                [1.0, 0.0, -0.0, -0.0, -0.0, 1.0, -0.0, 0.05, 1e-06, 0.0, 1.0, -0.0, 0.0, 0.0, 0.0, 1.0]
            ]
        },
        {
            "name": "Chest",
            "time": [0.0, 0.1, 0.2, 0.3, 0.7, 1.3],
            "transform": [
                [0.965912, 0.00455, -0.25883, -0.0, -0.006155, 0.999967, -0.005391, 0.35, 0.258797, 0.0068, 0.965908, -0.0, 0.0, 0.0, 0.0, 1.0],
                [0.960771, -0.117607, -0.25117, -0.0, 0.087122, 0.987777, -0.129256, 0.35, 0.263302, 0.102303, 0.959274, -0.0, 0.0, 0.0, 0.0, 1.0],
                [0.953939, -0.177735, -0.241683, -0.0, 0.133047, 0.972693, -0.190179, 0.35, 0.268885, 0.149264, 0.951537, -0.0, 0.0, 0.0, 0.0, 1.0],
                [0.965925, -0.001296, 0.25882, -0.0, 0.00125, 0.999999, 0.00034, 0.35, -0.25882, -5e-06, 0.965925, 0.0, 0.0, 0.0, 0.0, 1.0],
                [0.965896, -0.007806, 0.258812, -0.0, 0.007549, 0.99997, 0.001989, 0.35, -0.25882, 3.2e-05, 0.965926, -0.0, 0.0, 0.0, 0.0, 1.0],
                [1.0, -0.000232, 0.000874, -0.0, 0.000237, 0.99998, -0.006224, 0.35, -0.000872, 0.006224, 0.999981, -0.0, 0.0, 0.0, 0.0, 1.0]
            ]
        },
        {
            "name": "Head",
            "time": [0.0, 0.2, 0.3, 0.7, 1.0, 1.3],
            "transform": [
                [0.61837, -0.032073, 0.785232, 0.0, -0.098564, 0.988112, 0.117978, 0.35, -0.779681, -0.15035, 0.607858, -0.0, 0.0, 0.0, 0.0, 1.0],
                [0.775155, 0.218855, -0.592653, -0.0, -0.028124, 0.949105, 0.313702, 0.35, 0.631145, -0.2265, 0.741858, 0.0, 0.0, 0.0, 0.0, 1.0],
                [0.379524, 0.185263, -0.906443, 0.0, 0.153055, 0.953674, 0.259, 0.35, 0.912434, -0.237032, 0.333586, -0.0, 0.0, 0.0, 0.0, 1.0],
                [0.192063, 0.247144, -0.949754, 0.0, 0.034042, 0.965511, 0.258129, 0.35, 0.980792, -0.081908, 0.177026, -0.0, 0.0, 0.0, 0.0, 1.0],
                [0.675718, 0.208648, -0.707015, -0.0, 0.02991, 0.950557, 0.309106, 0.35, 0.736553, -0.230015, 0.636068, 0.0, 0.0, 0.0, 0.0, 1.0],
                [0.663605, 0.012678, 0.747976, -0.0, -0.005009, 0.999909, -0.012504, 0.350001, -0.748066, 0.004552, 0.663608, 0.0, 0.0, 0.0, 0.0, 1.0]
            ]
        },
        {
            "name": "Shoulder_R",
            "time": [0.0, 0.2, 0.3, 0.7, 1.0, 1.3],
            "transform": [
                [-0.06579, 0.907716, 0.414396, 0.0, -0.197005, -0.418937, 0.886388, 0.35, 0.978194, -0.023322, 0.206386, -0.0, 0.0, 0.0, 0.0, 1.0],
                [-0.210945, 0.90886, 0.359828, -0.0, -0.021769, -0.372387, 0.927823, 0.35, 0.977257, 0.187886, 0.098338, 0.0, 0.0, 0.0, 0.0, 1.0],
                [0.332295, 0.943174, 0.002099, 0.0, -0.042789, 0.012852, 0.999001, 0.35, 0.942205, -0.332053, 0.044629, -0.0, 0.0, 0.0, 0.0, 1.0],
                [0.332295, 0.943174, 0.002099, 0.0, -0.042789, 0.012852, 0.999001, 0.35, 0.942205, -0.332053, 0.044629, -0.0, 0.0, 0.0, 0.0, 1.0],
                [0.156883, 0.987584, 0.008135, -0.0, -0.021167, -0.004873, 0.999764, 0.35, 0.987391, -0.157019, 0.02014, 0.0, 0.0, 0.0, 0.0, 1.0],
                [-1e-06, 0.965965, 0.258674, -0.0, -3e-06, -0.258674, 0.965965, 0.350001, 1.0, -0.0, 3e-06, 0.0, 0.0, 0.0, 0.0, 1.0]
            ]
        },
        {
            "name": "Arm_R",
            "time": [0.0, 0.1, 0.2, 0.3, 0.7, 1.0, 1.3],
            "transform": [
                [-0.041186, -0.152385, -0.98746, -0.0, -0.224621, 0.964416, -0.139461, 0.388213, 0.97357, 0.216062, -0.073949, 0.0, 0.0, 0.0, 0.0, 1.0],
                [-0.304985, -0.063983, -0.950203, -0.0, -0.317698, 0.947423, 0.038175, 0.388213, 0.8978, 0.313521, -0.309277, 0.0, 0.0, 0.0, 0.0, 1.0],
                [-0.28731, 0.846758, 0.447716, 0.0, -0.174598, 0.413292, -0.893703, 0.388213, -0.941788, -0.334939, 0.029099, -0.0, 0.0, 0.0, 0.0, 1.0],
                [-0.280976, -0.66951, 0.687612, 0.0, 0.298632, 0.619914, 0.725622, 0.388213, -0.912069, 0.409226, 0.025757, -0.0, 0.0, 0.0, 0.0, 1.0],
                [-0.133614, -0.71552, 0.685698, 0.0, 0.399754, 0.594204, 0.69794, 0.388213, -0.90683, 0.367366, 0.206638, -0.0, 0.0, 0.0, 0.0, 1.0],
                [0.809511, -0.527033, 0.258704, -0.0, 0.472209, 0.846312, 0.246525, 0.388213, -0.348871, -0.077402, 0.933969, -0.0, 0.0, 0.0, 0.0, 1.0],
                [0.090481, 0.11896, -0.988769, -0.0, 0.835352, 0.531487, 0.140386, 0.388213, 0.542218, -0.838671, -0.051285, -0.0, 0.0, 0.0, 0.0, 1.0]
            ]
        },
        {
            "name": "Hand_R",
            "time": [0.0, 0.2, 0.3, 0.7, 1.0, 1.3],
            "transform": [
                [1.000005, 0.0, 0.0, 0.0, -0.0, 0.996811, -0.079778, 0.329779, -0.0, 0.079778, 0.996812, 0.0, 0.0, 0.0, 0.0, 1.0],
                [1.000003, 0.0, 0.0, 0.0, -0.0, 0.996531, -0.083238, 0.329779, -0.0, 0.083238, 0.996529, -0.0, 0.0, 0.0, 0.0, 1.0],
                [1.000001, 0.0, 0.0, -0.0, -0.0, 0.998597, -0.052907, 0.329779, -0.0, 0.052907, 0.998599, 0.0, 0.0, 0.0, 0.0, 1.0],
                [1.000002, 0.0, 0.0, -0.0, -0.0, 0.998596, -0.052907, 0.329779, -0.0, 0.052907, 0.9986, 0.0, 0.0, 0.0, 0.0, 1.0],
                [0.999999, 0.0, 0.0, 0.0, -0.0, 0.984048, -0.177904, 0.329779, -0.0, 0.177904, 0.984048, -0.0, 0.0, 0.0, 0.0, 1.0],
                [1.0, 0.0, -0.0, -0.0, -0.0, 0.970503, -0.24109, 0.329779, -0.0, 0.241089, 0.970502, 0.0, 0.0, 0.0, 0.0, 1.0]
            ]
        },
        {
            "name": "Tool_R",
            "time": [0.0, 0.2, 0.3, 0.7, 1.3],
            "transform": [
                [0.999994, 0.003172, -0.00041, -0.019936, 0.002889, -0.950863, -0.309596, 0.272656, -0.001372, 0.309591, -0.950872, 0.006886, 0.0, 0.0, 0.0, 1.0],
                [0.999994, 0.003062, 0.00056, -0.019938, 0.002818, -0.814329, -0.580396, 0.272637, -0.001321, 0.580393, -0.814339, 0.006829, 0.0, 0.0, 0.0, 1.0],
                [0.999996, 0.002856, -0.000235, -0.019943, 0.002615, -0.943019, -0.332727, 0.272578, -0.001171, 0.332723, -0.943025, 0.006655, 0.0, 0.0, 0.0, 1.0],
                [0.999996, 0.002856, -0.000235, -0.019943, 0.002615, -0.943019, -0.332727, 0.272579, -0.001171, 0.332723, -0.943025, 0.006655, 0.0, 0.0, 0.0, 1.0],
                [1.0, -0.0, 0.0, -0.02, -0.0, -0.925372, -0.379061, 0.291425, 0.0, 0.379061, -0.925372, -0.0, 0.0, 0.0, 0.0, 1.0]
            ]
        },
        {
            "name": "Elbow_R",
            "time": [0.0, 0.2, 0.3, 0.7, 1.3],
            "transform": [
                [-1.000004, 0.0, -0.0, 0.0, 1e-06, 0.04688, -0.998899, 0.329779, -0.0, -0.998901, -0.04688, 0.0, 0.0, 0.0, 0.0, 1.0],
                [-1.000001, -0.0, -0.0, 0.0, 0.0, 0.04858, -0.998821, 0.329779, -0.0, -0.998819, -0.048579, -0.0, 0.0, 0.0, 0.0, 1.0],
                [-1.000001, -0.0, -0.0, -0.0, 1e-06, 0.033289, -0.999444, 0.329779, -0.0, -0.999445, -0.033289, -0.0, 0.0, 0.0, 0.0, 1.0],
                [-1.000002, -0.0, -0.0, -0.0, 0.0, 0.033289, -0.999443, 0.329779, -0.0, -0.999445, -0.033289, 0.0, 0.0, 0.0, 0.0, 1.0],
                [-1.0, 0.0, -0.0, -0.0, 1e-06, 0.121444, -0.992599, 0.329779, -0.0, -0.992597, -0.121444, 0.0, 0.0, 0.0, 0.0, 1.0]
            ]
        },
        {
            "name": "Shoulder_L",
            "time": [0.0, 0.2, 0.3, 0.7, 1.3],
            "transform": [
                [-0.175423, -0.91225, -0.37017, 0.0, -0.047089, -0.367795, 0.928715, 0.35, -0.983366, 0.180349, 0.021562, -0.0, 0.0, 0.0, 0.0, 1.0],
                [-0.173982, -0.912757, -0.369599, -0.0, -0.04696, -0.367205, 0.928954, 0.35, -0.983628, 0.178977, 0.021024, 0.0, 0.0, 0.0, 0.0, 1.0],
                [-0.169654, -0.914266, -0.36788, 0.0, -0.046577, -0.365435, 0.929671, 0.35, -0.984402, 0.174857, 0.019414, -0.0, 0.0, 0.0, 0.0, 1.0],
                [-0.169654, -0.914266, -0.36788, 0.0, -0.046577, -0.365435, 0.929671, 0.35, -0.984402, 0.174857, 0.019414, -0.0, 0.0, 0.0, 0.0, 1.0],
                [0.0, -0.965965, -0.258673, -0.0, -0.0, -0.258673, 0.965965, 0.350001, -1.0, -0.0, -0.0, 0.0, 0.0, 0.0, 0.0, 1.0]
            ]
        },
        {
            "name": "Arm_L",
            "time": [0.0, 0.2, 0.3, 0.7, 1.3],
            "transform": [
                [0.519351, -0.455573, 0.722998, -0.0, -0.445609, 0.577545, 0.684014, 0.388212, -0.729181, -0.67742, 0.09694, -0.0, 0.0, 0.0, 0.0, 1.0],
                [0.028368, 0.458484, 0.888249, 0.0, -0.292055, 0.853636, -0.431289, 0.388212, -0.955979, -0.247184, 0.158118, 0.0, 0.0, 0.0, 0.0, 1.0],
                [-0.600101, 0.723566, 0.341072, 0.0, 0.009821, 0.433014, -0.901333, 0.388212, -0.799863, -0.537542, -0.266957, 0.0, 0.0, 0.0, 0.0, 1.0],
                [-0.477564, 0.837318, 0.266141, -0.0, 0.352846, 0.460197, -0.814689, 0.388212, -0.804631, -0.29516, -0.515216, 0.0, 0.0, 0.0, 0.0, 1.0],
                [-0.093881, -0.171431, 0.980713, -0.0, -0.896813, 0.442327, -0.00853, 0.388212, -0.432334, -0.880317, -0.195267, -0.0, 0.0, 0.0, 0.0, 1.0]
            ]
        },
        {
            "name": "Hand_L",
            "time": [0.0, 0.2, 0.3, 0.7, 1.3],
            "transform": [
                [0.983445, -0.041371, 0.179095, -0.0, 0.183128, 0.131173, -0.974319, 0.329779, 0.016824, 0.990496, 0.136511, 0.0, 0.0, 0.0, 0.0, 1.0],
                [0.840975, 0.067452, -0.537501, -0.0, -0.540351, 0.027524, -0.841163, 0.329779, -0.041964, 0.997343, 0.059567, 0.0, 0.0, 0.0, 0.0, 1.0],
                [0.95167, 0.1678, -0.258942, -0.0, -0.304426, 0.37084, -0.877439, 0.329779, -0.051233, 0.913412, 0.403806, 0.0, 0.0, 0.0, 0.0, 1.0],
                [0.975523, -0.081444, -0.206521, 0.0, -0.16134, 0.379502, -0.911033, 0.329779, 0.152647, 0.9216, 0.356902, 0.0, 0.0, 0.0, 0.0, 1.0],
                [1.0, 0.0, 0.0, -0.0, -0.0, 0.984029, -0.178011, 0.329779, -0.0, 0.178011, 0.984028, 0.0, 0.0, 0.0, 0.0, 1.0]
            ]
        },
        {
            "name": "Tool_L",
            "time": [0.0, 0.2, 0.3, 0.7, 1.3],
            "transform": [
                [0.99951, 1.2e-05, -3e-05, 0.02, 1.2e-05, -1.0, 5.6e-05, 0.291426, -3e-05, -5.6e-05, -0.999995, -0.0, 0.0, 0.0, 0.0, 1.0],
                [0.999511, 1.5e-05, -3.9e-05, 0.02, 1.5e-05, -1.0, 7.3e-05, 0.291426, -3.9e-05, -7.3e-05, -0.999994, -0.0, 0.0, 0.0, 0.0, 1.0],
                [0.999513, 2.6e-05, -6.6e-05, 0.02, 2.6e-05, -1.0, 0.000123, 0.291426, -6.6e-05, -0.000123, -0.999994, 0.0, 0.0, 0.0, 0.0, 1.0],
                [0.999513, 2.6e-05, -6.6e-05, 0.02, 2.6e-05, -1.000001, 0.000123, 0.291426, -6.6e-05, -0.000123, -0.999994, 0.0, 0.0, 0.0, 0.0, 1.0],
                [1.0, -0.0, 0.0, 0.014211, 0.0, -1.0, 0.0, 0.23007, 0.0, -0.0, -1.0, 0.063071, 0.0, 0.0, 0.0, 1.0]
            ]
        },
        {
            "name": "Elbow_L",
            "time": [0.0, 0.2, 0.3, 0.7, 1.3],
            "transform": [
                [-1.0, -0.0, -0.0, -0.0, 1e-06, 0.657065, -0.753832, 0.329779, 0.0, -0.753835, -0.657066, 0.0, 0.0, 0.0, 0.0, 1.0],
                [-1.0, -0.0, -0.0, -0.0, 0.0, 0.685704, -0.727879, 0.329779, 0.0, -0.727881, -0.685705, 0.0, 0.0, 0.0, 0.0, 1.0],
                [-1.0, -0.0, -0.0, 0.0, 1e-06, 0.54574, -0.837953, 0.329779, 0.0, -0.837955, -0.545741, 0.0, 0.0, 0.0, 0.0, 1.0],
                [-1.0, -0.0, -0.0, -0.0, 1e-06, 0.565186, -0.824962, 0.329779, 0.0, -0.824964, -0.565187, -0.0, 0.0, 0.0, 0.0, 1.0],
                [-1.0, -0.0, -0.0, -0.0, 0.0, 0.089363, -0.995999, 0.329779, 0.0, -0.995999, -0.089363, 0.0, 0.0, 0.0, 0.0, 1.0]
            ]
        }
    ]
}