{
    "animation": [
        {
            "name": "Root",
            "time": [0.0, 0.1, 0.5, 0.6167, 0.7333, 0.8333, 0.9167, 0.95, 1.0, 1.0833, 1.4667, 1.7667, 2.2],
            "transform": [
                [0.335691, -0.018537, -0.94179, -5e-06, -0.937206, 0.09387, -0.335905, -0.004566, 0.094633, 0.995412, 0.014138, 0.587917, 0.0, 0.0, 0.0, 1.0],
                [-0.632346, 0.032312, -0.774012, -5e-06, -0.764058, 0.138922, 0.630014, 0.192632, 0.127884, 0.989776, -0.063158, 0.473231, 0.0, 0.0, 0.0, 1.0],
                [0.715954, 0.032312, -0.697399, -5e-06, -0.694208, 0.138922, -0.706241, 0.657485, 0.074063, 0.989776, 0.121893, 0.473231, 0.0, 0.0, 0.0, 1.0],
                [0.906132, 0.096794, -0.411771, -5e-06, -0.420666, 0.104189, -0.901213, 0.907485, -0.04433, 0.989836, 0.135127, 0.504894, 0.0, 0.0, 0.0, 1.0],
                [0.979923, 0.19443, 0.04414, -5e-06, 0.026037, 0.094698, -0.995165, 1.157485, -0.19767, 0.976335, 0.087735, 0.536557, 0.0, 0.0, 0.0, 1.0],
                [0.999557, 0.029373, -0.004891, -5e-06, -0.003745, -0.038953, -0.999234, 1.400947, -0.029541, 0.998809, -0.038826, 0.416233, 0.0, 0.0, 0.0, 1.0],
                [0.798424, 0.097048, 0.594223, -5e-06, 0.54567, 0.30051, -0.782265, 1.400947, -0.254488, 0.948828, 0.186978, 0.465259, 0.0, 0.0, 0.0, 1.0],
                [0.653288, 0.06878, 0.753979, -5e-06, 0.670466, 0.410049, -0.618333, 1.400947, -0.351697, 0.909467, 0.221765, 0.484869, 0.0, 0.0, 0.0, 1.0],
                [0.432394, -0.001242, 0.901684, -5e-06, 0.765278, 0.529347, -0.366253, 1.400947, -0.476848, 0.848405, 0.229837, 0.514284, 0.0, 0.0, 0.0, 1.0],
                [0.42848, -0.001007, 0.903551, -5e-06, 0.766373, 0.530115, -0.362837, 1.400947, -0.47862, 0.847925, 0.227915, 0.510981, 0.0, 0.0, 0.0, 1.0],
                [0.410831, -0.0, 0.911711, -5e-06, 0.77109, 0.533562, -0.347465, 1.400947, -0.486455, 0.845761, 0.219204, 0.495786, 0.0, 0.0, 0.0, 1.0],
                [0.988459, 0.094652, -0.118283, -5e-06, -0.140517, 0.281079, -0.949342, 1.400947, -0.05661, 0.955006, 0.291135, 0.54388, 0.0, 0.0, 0.0, 1.0],
                [0.513361, -0.054671, -0.85643, -5e-06, -0.846922, 0.128794, -0.515883, 1.400947, 0.138507, 0.990163, 0.019816, 0.590651, 0.0, 0.0, 0.0, 1.0]
            ]
        },
        {
            "name": "Thigh_R",
            "time": [0.0, 0.1, 0.5, 0.6167, 0.7333, 0.8333, 0.9167, 0.95, 1.0, 1.0833, 1.4667, 1.7667, 2.2],
            "transform": [
                [0.704119, 0.614767, 0.355354, 0.124994, 0.271813, -0.695675, 0.664945, -0.002831, 0.655999, -0.371609, -0.656941, -1.2e-05, 0.0, 0.0, 0.0, 1.0],
                [0.989766, 0.122779, -0.072712, 0.124994, 0.122779, -0.473105, 0.872408, -0.002831, 0.072713, -0.872407, -0.483338, -1.2e-05, 0.0, 0.0, 0.0, 1.0],
                [0.868892, 0.477741, -0.129575, 0.124994, 0.477741, -0.740831, 0.472156, -0.002831, 0.129575, -0.472156, -0.871938, -1.2e-05, 0.0, 0.0, 0.0, 1.0],
                [0.955049, 0.255185, -0.150869, 0.124994, 0.255184, -0.448679, 0.856485, -0.00283, 0.15087, -0.856484, -0.49363, -1.2e-05, 0.0, 0.0, 0.0, 1.0],
                [0.918622, 0.329726, -0.217748, 0.124994, 0.329725, -0.335974, 0.88227, -0.00283, 0.21775, -0.88227, -0.417352, -1.2e-05, 0.0, 0.0, 0.0, 1.0],
                [0.98013, 0.153782, -0.125286, 0.124994, 0.15378, -0.190158, 0.969635, -0.002831, 0.125288, -0.969635, -0.210028, -1.2e-05, 0.0, 0.0, 0.0, 1.0],
                [0.789167, 0.500571, -0.355869, 0.124994, 0.500569, -0.188482, 0.844928, -0.00283, 0.355872, -0.844927, -0.399315, -1.2e-05, 0.0, 0.0, 0.0, 1.0],
                [0.661254, 0.623891, -0.416537, 0.124994, 0.623889, -0.149058, 0.767165, -0.002831, 0.41654, -0.767164, -0.487804, -1.2e-05, 0.0, 0.0, 0.0, 1.0],
                [0.435772, 0.771553, -0.463474, 0.124994, 0.771551, -0.055057, 0.633779, -0.002831, 0.463477, -0.633777, -0.619285, -1.2e-05, 0.0, 0.0, 0.0, 1.0],
                [0.432971, 0.770893, -0.467182, 0.124994, 0.770891, -0.048051, 0.635152, -0.00283, 0.467185, -0.635149, -0.615079, -1.2e-05, 0.0, 0.0, 0.0, 1.0],
                [0.420199, 0.767427, -0.484239, 0.124994, 0.767425, -0.015768, 0.640944, -0.002831, 0.484243, -0.640942, -0.595568, -1.2e-05, 0.0, 0.0, 0.0, 1.0],
                [0.991596, 0.100402, -0.081583, 0.124994, 0.100401, -0.199553, 0.974729, -0.002831, 0.081585, -0.974728, -0.207956, -1.2e-05, 0.0, 0.0, 0.0, 1.0],
                [0.591456, 0.612391, 0.524552, 0.124994, 0.293782, -0.769481, 0.567087, -0.00283, 0.750914, -0.181303, -0.635025, -1.2e-05, 0.0, 0.0, 0.0, 1.0]
            ]
        },
        {
            "name": "Leg_R",
            "time": [0.0, 0.1, 0.5, 0.6167, 0.7333, 0.8333, 0.9167, 0.95, 1.0, 1.0833, 1.4667, 1.7667, 2.2],
            "transform": [
                [0.999962, -0.006092, -0.006244, 0.0, 0.008723, 0.691934, 0.721911, 0.37472, -7.7e-05, -0.721938, 0.691959, 0.0, 0.0, 0.0, 0.0, 1.0],
                [0.999962, -0.005511, -0.006761, 0.0, 0.008723, 0.631612, 0.775236, 0.37472, -3e-06, -0.775266, 0.631636, 0.0, 0.0, 0.0, 0.0, 1.0],
                [0.999962, -0.002757, -0.008275, 0.0, 0.008723, 0.315808, 0.948782, 0.37472, -2e-06, -0.94882, 0.31582, 0.0, 0.0, 0.0, 0.0, 1.0],
                [0.999963, 0.000243, -0.008719, 0.0, 0.008723, -0.02815, 0.999567, 0.37472, -2e-06, -0.999604, -0.028151, -0.0, 0.0, 0.0, 0.0, 1.0],
                [0.999963, -0.00658, -0.005726, 0.0, 0.008723, 0.754157, 0.656638, 0.37472, -2e-06, -0.656664, 0.754185, -0.0, 0.0, 0.0, 0.0, 1.0],
                [0.999962, -0.001655, -0.008564, -0.0, 0.008723, 0.189472, 0.981848, 0.37472, -3e-06, -0.981884, 0.18948, -0.0, 0.0, 0.0, 0.0, 1.0],
                [0.999962, -0.001512, -0.008591, 0.0, 0.008723, 0.173012, 0.984882, 0.37472, -3e-06, -0.984919, 0.173019, 0.0, 0.0, 0.0, 0.0, 1.0],
                [0.999962, -0.001454, -0.008601, -0.0, 0.008723, 0.166415, 0.986018, 0.37472, -2e-06, -0.986056, 0.166421, 0.0, 0.0, 0.0, 0.0, 1.0],
                [0.999963, -0.001368, -0.008615, 0.0, 0.008723, 0.156504, 0.987639, 0.37472, -3e-06, -0.987678, 0.15651, 0.0, 0.0, 0.0, 0.0, 1.0],
                [0.999962, -0.001236, -0.008635, -0.0, 0.008723, 0.141394, 0.989915, 0.37472, -2e-06, -0.989954, 0.141399, 0.0, 0.0, 0.0, 0.0, 1.0],
                [0.999963, -0.000626, -0.0087, -0.0, 0.008723, 0.071505, 0.997403, 0.37472, -2e-06, -0.99744, 0.071508, -0.0, 0.0, 0.0, 0.0, 1.0],
                [0.999962, -0.005188, -0.007012, 0.0, 0.008723, 0.594565, 0.804002, 0.37472, -3e-06, -0.804033, 0.594587, -0.0, 0.0, 0.0, 0.0, 1.0],
                [0.999962, -0.006547, -0.005764, -0.0, 0.008723, 0.745366, 0.666603, 0.37472, -6.8e-05, -0.666627, 0.745391, -0.0, 0.0, 0.0, 0.0, 1.0]
            ]
        },
        {
            "name": "Knee_R",
            "time": [0.0, 0.1, 0.5, 0.6167, 0.7333, 0.8333, 0.9167, 0.95, 1.0, 1.0833, 1.4667, 1.7667, 2.2],
            "transform": [
                [0.99999, -0.003682, -0.002505, 0.0, -0.000859, 0.392456, -0.919771, 0.37472, 0.004369, 0.919763, 0.392449, 0.0, 0.0, 0.0, 0.0, 1.0],
                [0.99999, -0.003515, -0.002764, 0.0, -0.000988, 0.429166, -0.903225, 0.37472, 0.004361, 0.903219, 0.429158, 0.0, 0.0, 0.0, 0.0, 1.0],
                [0.99999, -0.002711, -0.003697, 0.0, -0.001413, 0.584885, -0.811115, 0.37472, 0.004361, 0.811112, 0.584875, 0.0, 0.0, 0.0, 0.0, 1.0],
                [0.999989, -0.001716, -0.004415, 0.0, -0.001848, 0.716991, -0.69708, 0.37472, 0.004362, 0.69708, 0.716979, -0.0, 0.0, 0.0, 0.0, 1.0],
                [0.99999, -0.003806, -0.002273, -0.0, -0.000794, 0.350584, -0.936531, 0.37472, 0.004361, 0.936524, 0.350577, -0.0, 0.0, 0.0, 0.0, 1.0],
                [0.999989, -0.002362, -0.003989, -0.0, -0.001572, 0.636601, -0.771192, 0.37472, 0.004361, 0.77119, 0.63659, 0.0, 0.0, 0.0, 0.0, 1.0],
                [0.999989, -0.002316, -0.004025, 0.0, -0.001593, 0.643032, -0.765837, 0.37472, 0.004361, 0.765835, 0.643022, 0.0, 0.0, 0.0, 0.0, 1.0],
                [0.999989, -0.002297, -0.004039, -0.0, -0.001601, 0.645593, -0.76368, 0.37472, 0.004362, 0.763679, 0.645582, -0.0, 0.0, 0.0, 0.0, 1.0],
                [0.999989, -0.002269, -0.00406, 0.0, -0.001614, 0.649419, -0.760429, 0.37472, 0.004362, 0.760427, 0.649409, 0.0, 0.0, 0.0, 0.0, 1.0],
                [0.999989, -0.002225, -0.004091, -0.0, -0.001633, 0.655211, -0.755444, 0.37472, 0.004361, 0.755443, 0.6552, 0.0, 0.0, 0.0, 0.0, 1.0],
                [0.999989, -0.00202, -0.004231, -0.0, -0.001721, 0.681356, -0.73195, 0.37472, 0.004362, 0.73195, 0.681345, -0.0, 0.0, 0.0, 0.0, 1.0],
                [0.99999, -0.003425, -0.002894, 0.0, -0.001042, 0.450231, -0.892911, 0.37472, 0.004361, 0.892906, 0.450222, -0.0, 0.0, 0.0, 0.0, 1.0],
                [0.99999, -0.003803, -0.002283, -0.0, -0.000776, 0.356798, -0.934181, 0.37472, 0.004367, 0.934174, 0.356792, -0.0, 0.0, 0.0, 0.0, 1.0]
            ]
        },
        {
            "name": "Thigh_L",
            "time": [0.0, 0.1, 0.5, 0.6167, 0.7333, 0.8333, 0.9167, 0.95, 1.0, 1.0833, 1.4667, 1.7667, 2.2],
            "transform": [
                [0.773058, -0.621442, 0.127237, -0.125006, -0.621442, -0.70172, 0.34842, -0.002831, -0.127239, -0.348419, -0.928663, -1.2e-05, 0.0, 0.0, 0.0, 1.0],
                [0.937384, -0.331173, -0.107861, -0.156611, -0.331173, -0.751588, -0.570474, 0.028774, 0.107858, 0.570474, -0.814202, 0.031593, 0.0, 0.0, 0.0, 1.0],
                [0.956873, -0.268157, 0.111741, -0.13665, -0.268156, -0.667353, 0.694789, 0.008813, -0.111742, -0.694789, -0.71048, 0.011632, 0.0, 0.0, 0.0, 1.0],
                [0.994513, -0.10301, 0.018217, -0.130828, -0.10301, -0.934024, 0.342035, 0.002991, -0.018218, -0.342035, -0.93951, 0.00581, 0.0, 0.0, 0.0, 1.0],
                [0.999971, -0.007529, -0.000626, -0.125006, -0.007529, -0.986243, -0.165127, -0.002831, 0.000625, 0.165127, -0.986272, -1.2e-05, 0.0, 0.0, 0.0, 1.0],
                [0.986471, -0.156391, -0.049158, -0.125006, -0.156391, -0.807862, -0.568245, -0.002831, 0.049156, 0.568244, -0.821391, -1.2e-05, 0.0, 0.0, 0.0, 1.0],
                [0.938653, -0.344384, 0.018121, -0.125006, -0.344384, -0.9333, 0.101731, -0.00283, -0.018122, -0.101731, -0.994647, -1.2e-05, 0.0, 0.0, 0.0, 1.0],
                [0.963151, -0.266568, 0.035786, -0.125006, -0.266567, -0.928396, 0.258884, -0.002831, -0.035787, -0.258884, -0.965245, -1.2e-05, 0.0, 0.0, 0.0, 1.0],
                [0.988869, -0.144037, 0.037298, -0.125006, -0.144037, -0.863885, 0.482654, -0.002831, -0.037299, -0.482654, -0.875016, -1.2e-05, 0.0, 0.0, 0.0, 1.0],
                [0.987679, -0.151574, 0.038925, -0.125006, -0.151574, -0.864701, 0.478869, -0.00283, -0.038926, -0.478869, -0.877022, -1.2e-05, 0.0, 0.0, 0.0, 1.0],
                [0.981434, -0.186202, 0.045984, -0.125006, -0.186202, -0.867536, 0.461203, -0.002831, -0.045984, -0.461203, -0.886102, -1.2e-05, 0.0, 0.0, 0.0, 1.0],
                [0.98331, -0.148067, 0.105719, -0.125006, -0.148067, -0.313635, 0.937927, -0.002831, -0.105719, -0.937927, -0.330324, -1.2e-05, 0.0, 0.0, 0.0, 1.0],
                [0.741451, -0.640353, 0.200494, -0.125006, -0.640352, -0.585974, 0.496571, -0.00283, -0.200496, -0.49657, -0.844523, -1.2e-05, 0.0, 0.0, 0.0, 1.0]
            ]
        },
        {
            "name": "Leg_L",
            "time": [0.0, 0.1, 0.5, 0.6167, 0.7333, 0.8333, 0.9167, 0.95, 1.0, 1.0833, 1.4667, 1.7667, 2.2],
            "transform": [
                [1.000001, 0.0, 2e-06, -0.0, -1e-06, 0.669236, 0.743052, 0.37472, -1e-06, -0.743052, 0.669234, 0.0, 0.0, 0.0, 0.0, 1.0],
                [1.0, 1e-06, 1e-06, -0.0, -1e-06, 0.885395, 0.464837, 0.37472, -1e-06, -0.464837, 0.885395, -0.0, 0.0, 0.0, 0.0, 1.0],
                [1.0, -1e-06, 1e-06, -0.0, -1e-06, -0.070983, 0.997478, 0.37472, -1e-06, -0.997478, -0.070983, -0.0, 0.0, 0.0, 0.0, 1.0],
                [1.0, -1e-06, 2e-06, 0.0, -1e-06, 0.336293, 0.941758, 0.37472, -1e-06, -0.941758, 0.336293, 0.0, 0.0, 0.0, 0.0, 1.0],
                [0.999999, 0.0, 2e-06, -0.0, -1e-06, 0.752698, 0.658367, 0.37472, -1e-06, -0.658367, 0.752698, 0.0, 0.0, 0.0, 0.0, 1.0],
                [1.0, 0.0, 2e-06, -0.0, -1e-06, 0.805808, 0.592176, 0.37472, -1e-06, -0.592176, 0.805808, -0.0, 0.0, 0.0, 0.0, 1.0],
                [1.000001, 0.0, 2e-06, -0.0, -1e-06, 0.763586, 0.645707, 0.37472, -1e-06, -0.645706, 0.763586, -0.0, 0.0, 0.0, 0.0, 1.0],
                [1.000001, 0.0, 2e-06, -0.0, -1e-06, 0.786888, 0.617096, 0.37472, -1e-06, -0.617095, 0.786889, -0.0, 0.0, 0.0, 0.0, 1.0],
                [1.0, 0.0, 2e-06, -0.0, -1e-06, 0.819826, 0.572614, 0.37472, -1e-06, -0.572612, 0.819827, -0.0, 0.0, 0.0, 0.0, 1.0],
                [1.000001, 0.0, 1e-06, -0.0, -1e-06, 0.820767, 0.571263, 0.37472, -1e-06, -0.571262, 0.820768, -0.0, 0.0, 0.0, 0.0, 1.0],
                [1.000001, 0.0, 2e-06, 0.0, -1e-06, 0.825069, 0.565033, 0.37472, -1e-06, -0.565032, 0.825069, 0.0, 0.0, 0.0, 0.0, 1.0],
                [1.000001, -1e-06, 2e-06, -0.0, -1e-06, 0.379174, 0.925326, 0.37472, -1e-06, -0.925327, 0.379173, -0.0, 0.0, 0.0, 0.0, 1.0],
                [1.0, -0.0, 2e-06, 0.0, -1e-06, 0.63818, 0.769888, 0.37472, -1e-06, -0.769888, 0.63818, -0.0, 0.0, 0.0, 0.0, 1.0]
            ]
        },
        {
            "name": "Knee_L",
            "time": [0.0, 0.1, 0.5, 0.6167, 0.7333, 0.8333, 0.9167, 0.95, 1.0, 1.0833, 1.4667, 1.7667, 2.2],
            "transform": [
                [1.0, 1e-06, -1e-06, -0.0, -1e-06, 0.406674, -0.913573, 0.37472, -0.0, 0.913573, 0.406674, 0.0, 0.0, 0.0, 0.0, 1.0],
                [1.0, 1e-06, -1e-06, -0.0, -1e-06, 0.23938, -0.970926, 0.37472, -0.0, 0.970926, 0.23938, -0.0, 0.0, 0.0, 0.0, 1.0],
                [1.0, 1e-06, -1e-06, -0.0, -1e-06, 0.731774, -0.681548, 0.37472, -0.0, 0.681547, 0.731774, -0.0, 0.0, 0.0, 0.0, 1.0],
                [1.0, 1e-06, -1e-06, 0.0, -1e-06, 0.576068, -0.817401, 0.37472, -0.0, 0.817401, 0.576068, 0.0, 0.0, 0.0, 0.0, 1.0],
                [1.0, 1e-06, -1e-06, -0.0, -1e-06, 0.351642, -0.936135, 0.37472, -1e-06, 0.936135, 0.351642, -0.0, 0.0, 0.0, 0.0, 1.0],
                [1.0, 1e-06, -1e-06, 0.0, -1e-06, 0.311603, -0.950213, 0.37472, -0.0, 0.950212, 0.311603, -0.0, 0.0, 0.0, 0.0, 1.0],
                [1.0, 1e-06, -1e-06, 0.0, -1e-06, 0.343814, -0.939038, 0.37472, -0.0, 0.939038, 0.343814, 0.0, 0.0, 0.0, 0.0, 1.0],
                [1.0, 1e-06, -1e-06, -0.0, -1e-06, 0.32643, -0.945222, 0.37472, -0.0, 0.945221, 0.32643, -0.0, 0.0, 0.0, 0.0, 1.0],
                [1.0, 1e-06, -1e-06, -0.0, -1e-06, 0.300146, -0.953893, 0.37472, -1e-06, 0.953893, 0.300146, -0.0, 0.0, 0.0, 0.0, 1.0],
                [1.0, 1e-06, -1e-06, -0.0, -1e-06, 0.299361, -0.95414, 0.37472, -0.0, 0.95414, 0.299361, -0.0, 0.0, 0.0, 0.0, 1.0],
                [1.0, 1e-06, -1e-06, -0.0, -1e-06, 0.295747, -0.955266, 0.37472, -0.0, 0.955266, 0.295747, -0.0, 0.0, 0.0, 0.0, 1.0],
                [1.0, 1e-06, -1e-06, -0.0, -1e-06, 0.557149, -0.830413, 0.37472, -0.0, 0.830413, 0.557149, -0.0, 0.0, 0.0, 0.0, 1.0],
                [1.0, 1e-06, -1e-06, 0.0, -2e-06, 0.425337, -0.905035, 0.37472, -0.0, 0.905036, 0.425336, -0.0, 0.0, 0.0, 0.0, 1.0]
            ]
        },
        {
            "name": "Torso",
            "time": [0.0, 0.1, 0.5, 0.6167, 0.7333, 0.8333, 0.9167, 0.95, 1.0, 1.0833, 1.4667, 1.7667, 2.2],
            "transform": [
                [0.998289, -0.058287, -0.004743, -0.0, 0.058479, 0.995, 0.080962, 0.05, 0.0, -0.0811, 0.996706, -0.0, 0.0, 0.0, 0.0, 1.0],
                [0.965926, 0.246871, 0.07773, 0.0, -0.258819, 0.921335, 0.290094, 0.05, 0.0, -0.300327, 0.953836, 0.0, 0.0, 0.0, 0.0, 1.0],
                [0.999996, 0.002741, 0.00013, -0.0, -0.002744, 0.998867, 0.047518, 0.05, 1e-06, -0.047519, 0.99887, -0.0, 0.0, 0.0, 0.0, 1.0],
                [0.990293, -0.138754, -0.00817, -0.0, 0.138994, 0.988581, 0.058207, 0.05, 0.0, -0.058778, 0.998271, 0.0, 0.0, 0.0, 0.0, 1.0],
                [0.965926, -0.258158, -0.018477, 0.0, 0.258819, 0.963461, 0.068956, 0.05, 1e-06, -0.071389, 0.997449, 0.0, 0.0, 0.0, 0.0, 1.0],
                [0.995697, -0.092418, -0.006737, -0.0, 0.092664, 0.993063, 0.072382, 0.05, 0.0, -0.072695, 0.997354, 0.0, 0.0, 0.0, 0.0, 1.0],
                [0.978255, -0.203576, -0.039685, -0.0, 0.207408, 0.960182, 0.187174, 0.05, 1e-06, -0.191335, 0.981525, 0.0, 0.0, 0.0, 0.0, 1.0],
                [0.988393, -0.150222, -0.02264, 0.0, 0.151919, 0.977356, 0.147292, 0.05, 1e-06, -0.149022, 0.988834, 0.0, 0.0, 0.0, 0.0, 1.0],
                [0.997597, -0.069016, -0.006026, 0.0, 0.069279, 0.993817, 0.086766, 0.05, 0.0, -0.086975, 0.996211, 0.0, 0.0, 0.0, 0.0, 1.0],
                [0.99995, 0.009959, 0.001247, -0.0, -0.010037, 0.992201, 0.124248, 0.05, 0.0, -0.124254, 0.992251, 0.0, 0.0, 0.0, 0.0, 1.0],
                [0.99751, -0.070251, -0.006182, -0.0, 0.070523, 0.993671, 0.087431, 0.05, 0.0, -0.087649, 0.996151, -0.0, 0.0, 0.0, 0.0, 1.0],
                [0.99751, -0.070251, -0.006182, -0.0, 0.070523, 0.993671, 0.087431, 0.05, 0.0, -0.087649, 0.996151, 0.0, 0.0, 0.0, 0.0, 1.0],
                [0.99751, -0.070251, -0.006182, 0.0, 0.070523, 0.993671, 0.087431, 0.05, 1e-06, -0.087649, 0.996151, -0.0, 0.0, 0.0, 0.0, 1.0]
            ]
        },
        {
            "name": "Chest",
            "time": [0.0, 0.1, 0.5, 0.6167, 0.7333, 0.8333, 0.9167, 0.95, 1.0, 1.0833, 1.4667, 1.7667, 2.2],
            "transform": [
                [0.992581, 0.053439, -0.109213, 0.0, -0.025945, 0.970639, 0.239137, 0.35, 0.118786, -0.23453, 0.964824, -0.0, 0.0, 0.0, 0.0, 1.0],
                [0.945867, 0.280099, 0.163948, -0.0, -0.318331, 0.899101, 0.300471, 0.35, -0.063244, -0.336396, 0.939594, 0.0, 0.0, 0.0, 0.0, 1.0],
                [0.333715, 0.200377, -0.921132, -0.0, -0.66943, 0.738345, -0.081912, 0.35, 0.6637, 0.643969, 0.380535, 0.0, 0.0, 0.0, 0.0, 1.0],
                [0.374227, 0.078078, -0.924045, 0.0, -0.624198, 0.758127, -0.188734, 0.35, 0.685807, 0.647416, 0.332447, 0.0, 0.0, 0.0, 0.0, 1.0],
                [0.407938, -0.045735, -0.911864, -0.0, -0.574462, 0.763414, -0.295285, 0.35, 0.709634, 0.644288, 0.285153, -0.0, 0.0, 0.0, 0.0, 1.0],
                [0.980559, -0.194162, -0.028367, 0.0, 0.152375, 0.844532, -0.513369, 0.35, 0.123634, 0.499066, 0.857699, 0.0, 0.0, 0.0, 0.0, 1.0],
                [0.878241, -0.235595, -0.416159, 0.0, 0.077322, 0.928733, -0.362596, 0.35, 0.471926, 0.286268, 0.833868, 0.0, 0.0, 0.0, 0.0, 1.0],
                [0.975815, -0.19549, -0.097823, -0.0, 0.169644, 0.959448, -0.225123, 0.35, 0.137865, 0.203083, 0.969407, -0.0, 0.0, 0.0, 0.0, 1.0],
                [0.917405, -0.009864, 0.397834, -0.0, -0.005004, 0.999328, 0.036318, 0.35, -0.397924, -0.035309, 0.916739, 0.0, 0.0, 0.0, 0.0, 1.0],
                [0.929078, 0.012949, 0.369658, -0.0, -0.02708, 0.999086, 0.033064, 0.35, -0.368892, -0.04073, 0.92858, 0.0, 0.0, 0.0, 0.0, 1.0],
                [0.964597, 0.119357, 0.235174, 0.0, -0.129204, 0.991254, 0.026862, 0.35, -0.229911, -0.056296, 0.971582, -0.0, 0.0, 0.0, 0.0, 1.0],
                [0.701699, -0.000797, 0.712473, 0.0, -0.000426, 0.999999, 0.001538, 0.35, -0.712474, -0.001383, 0.701697, 0.0, 0.0, 0.0, 0.0, 1.0],
                [0.999999, -5e-06, -0.001091, -0.0, 5e-06, 1.0, 6e-06, 0.35, 0.001091, -6e-06, 0.999999, -0.0, 0.0, 0.0, 0.0, 1.0]
            ]
        },
        {
            "name": "Head",
            "time": [0.0, 0.1, 0.5, 0.6167, 0.7333, 0.8333, 0.9167, 0.95, 1.0, 1.0833, 1.4667, 1.7667, 2.2],
            "transform": [
                [0.218688, 0.137219, 0.966098, 0.0, 0.275967, 0.940947, -0.196115, 0.35, -0.935958, 0.309499, 0.167906, 0.0, 0.0, 0.0, 0.0, 1.0],
                [0.442516, -0.446823, 0.777514, 0.0, 0.660906, 0.748522, 0.054012, 0.35, -0.606121, 0.489963, 0.626541, -0.0, 0.0, 0.0, 0.0, 1.0],
                [-0.267471, -0.522253, 0.80976, -0.0, -0.254357, 0.848838, 0.46344, 0.350001, -0.929388, -0.082012, -0.359878, -0.0, 0.0, 0.0, 0.0, 1.0],
                [0.061365, -0.518648, 0.852783, 0.0, -0.200586, 0.830554, 0.519563, 0.35, -0.977752, -0.202939, -0.053066, 0.0, 0.0, 0.0, 0.0, 1.0],
                [0.474087, -0.555492, 0.683132, 0.0, -0.072776, 0.748488, 0.659142, 0.35, -0.877465, -0.362206, 0.314422, -0.0, 0.0, 0.0, 0.0, 1.0],
                [0.944857, 0.261172, 0.197572, 0.0, -0.323471, 0.838454, 0.438591, 0.35, -0.051107, -0.478314, 0.8767, 0.0, 0.0, 0.0, 0.0, 1.0],
                [0.96011, 0.243587, -0.137309, -0.0, -0.220942, 0.961838, 0.161404, 0.35, 0.171385, -0.124628, 0.97729, 0.0, 0.0, 0.0, 0.0, 1.0],
                [0.733195, 0.132587, -0.666967, 0.0, -0.127522, 0.990216, 0.056661, 0.35, 0.667955, 0.04351, 0.742929, -0.0, 0.0, 0.0, 0.0, 1.0],
                [0.039835, -0.268353, -0.962497, 0.0, -0.145303, 0.951466, -0.271291, 0.35, 0.988585, 0.15066, -0.001091, 0.0, 0.0, 0.0, 0.0, 1.0],
                [0.070152, -0.383649, -0.920811, -0.0, -0.139887, 0.91018, -0.389877, 0.35, 0.987679, 0.15616, 0.010184, 0.0, 0.0, 0.0, 0.0, 1.0],
                [0.201133, -0.444074, -0.873123, -0.0, -0.109893, 0.875483, -0.470589, 0.35, 0.97338, 0.190601, 0.127288, 0.0, 0.0, 0.0, 0.0, 1.0],
                [0.778949, -0.259126, -0.571045, 0.0, 0.034348, 0.926894, -0.373748, 0.35, 0.626146, 0.271516, 0.730903, -0.0, 0.0, 0.0, 0.0, 1.0],
                [0.507287, 0.208111, 0.836271, 0.0, -0.015322, 0.972428, -0.2327, 0.35, -0.861641, 0.105233, 0.496488, -0.0, 0.0, 0.0, 0.0, 1.0]
            ]
        },
        {
            "name": "Shoulder_R",
            "time": [0.0, 0.1, 0.5, 0.6167, 0.7333, 0.8333, 0.9167, 0.95, 1.0, 1.0833, 1.4667, 1.7667, 2.2],
            "transform": [
                [0.304171, 0.913697, 0.269516, 0.0, -0.066235, -0.261952, 0.962805, 0.35, 0.950312, -0.310708, -0.01916, 0.0, 0.0, 0.0, 0.0, 1.0],
                [0.391763, 0.906693, 0.156303, 0.0, -0.082291, -0.134671, 0.987467, 0.35, 0.916379, -0.399716, 0.021854, -0.0, 0.0, 0.0, 0.0, 1.0],
                [0.379202, 0.906832, 0.184014, -0.0, -0.085518, -0.163669, 0.982802, 0.350001, 0.921353, -0.388417, 0.015487, -0.0, 0.0, 0.0, 0.0, 1.0],
                [0.348294, 0.932763, 0.092972, 0.0, -0.027524, -0.088963, 0.995655, 0.35, 0.936981, -0.34934, -0.005311, 0.0, 0.0, 0.0, 0.0, 1.0],
                [0.311633, 0.9502, 0.002042, 0.0, 0.027744, -0.011247, 0.999552, 0.35, 0.949797, -0.311437, -0.029867, -0.0, 0.0, 0.0, 0.0, 1.0],
                [0.078162, 0.992942, 0.089203, 0.0, -0.013851, -0.088386, 0.99599, 0.35, 0.996845, -0.079084, 0.006845, 0.0, 0.0, 0.0, 0.0, 1.0],
                [0.19186, 0.978421, 0.076694, -0.0, 0.044442, -0.086727, 0.99524, 0.35, 0.980416, -0.187538, -0.060122, 0.0, 0.0, 0.0, 0.0, 1.0],
                [0.236549, 0.969128, 0.069546, 0.0, 0.067741, -0.087853, 0.993827, 0.35, 0.969256, -0.230378, -0.086431, -0.0, 0.0, 0.0, 0.0, 1.0],
                [0.302179, 0.951568, 0.056616, 0.0, 0.10238, -0.091446, 0.990533, 0.35, 0.947737, -0.293522, -0.125055, 0.0, 0.0, 0.0, 0.0, 1.0],
                [0.294225, 0.953191, 0.069706, -0.0, 0.075246, -0.095811, 0.992551, 0.35, 0.95277, -0.286788, -0.099914, 0.0, 0.0, 0.0, 0.0, 1.0],
                [0.252906, 0.959124, 0.12696, -0.0, -0.049517, -0.118222, 0.991752, 0.35, 0.966223, -0.257107, 0.017594, 0.0, 0.0, 0.0, 0.0, 1.0],
                [0.300541, 0.938145, 0.17193, 0.0, 0.043674, -0.193612, 0.980106, 0.35, 0.952769, -0.287053, -0.099161, -0.0, 0.0, 0.0, 0.0, 1.0],
                [0.294923, 0.920586, 0.256013, 0.0, 0.000424, -0.268056, 0.963403, 0.35, 0.955521, -0.284021, -0.079446, -0.0, 0.0, 0.0, 0.0, 1.0]
            ]
        },
        {
            "name": "Arm_R",
            "time": [0.0, 0.1, 0.5, 0.6167, 0.7333, 0.8333, 0.9167, 0.95, 1.0, 1.0833, 1.4667, 1.7667, 2.2],
            "transform": [
                [-0.180832, -0.510895, -0.840408, -0.0, 0.977732, -0.000859, -0.209858, 0.388213, 0.106493, -0.859642, 0.499674, 0.0, 0.0, 0.0, 0.0, 1.0],
                [-0.563276, -0.39066, -0.728083, 0.0, 0.300146, 0.724235, -0.620802, 0.388213, 0.769825, -0.568214, -0.290689, -0.0, 0.0, 0.0, 0.0, 1.0],
                [-0.320962, -0.947072, 0.006291, 0.0, 0.75169, -0.258777, -0.606627, 0.388213, 0.576148, -0.189976, 0.794961, 0.0, 0.0, 0.0, 0.0, 1.0],
                [-0.321643, -0.944106, 0.072174, 0.0, 0.945795, -0.323962, -0.022815, 0.388213, 0.044922, 0.060923, 0.997131, 0.0, 0.0, 0.0, 0.0, 1.0],
                [-0.16031, -0.986223, 0.040809, -0.0, 0.932192, -0.137676, 0.334758, 0.388213, -0.324527, 0.091707, 0.94142, -0.0, 0.0, 0.0, 0.0, 1.0],
                [0.314006, -0.517689, 0.795862, 0.0, 0.875278, 0.482597, -0.031422, 0.388213, -0.367814, 0.706468, 0.604661, -0.0, 0.0, 0.0, 0.0, 1.0],
                [0.522602, -0.00143, 0.852575, -0.0, 0.637572, 0.664558, -0.389697, 0.388213, -0.566029, 0.747235, 0.348211, 0.0, 0.0, 0.0, 0.0, 1.0],
                [0.80227, -0.592822, -0.070177, 0.0, 0.594811, 0.783867, 0.178191, 0.388213, -0.050626, -0.184699, 0.98149, 0.0, 0.0, 0.0, 0.0, 1.0],
                [0.980329, -0.13233, 0.146437, -0.0, -0.008043, 0.71454, 0.699548, 0.388213, -0.197206, -0.686965, 0.69942, 0.0, 0.0, 0.0, 0.0, 1.0],
                [0.971232, -0.235184, -0.037381, -0.0, 0.185036, 0.646497, 0.740138, 0.388213, -0.149902, -0.725762, 0.671416, 0.0, 0.0, 0.0, 0.0, 1.0],
                [0.976668, -0.030735, -0.212538, -0.0, 0.164507, 0.743249, 0.648473, 0.388213, 0.138038, -0.668307, 0.730966, -0.0, 0.0, 0.0, 0.0, 1.0],
                [0.889855, -0.381295, -0.250543, -0.0, 0.431193, 0.523385, 0.734942, 0.388213, -0.149099, -0.762024, 0.630149, 0.0, 0.0, 0.0, 0.0, 1.0],
                [-0.656764, -0.267135, -0.705196, -0.0, 0.754086, -0.227816, -0.615998, 0.388213, 0.003899, -0.936343, 0.351064, -0.0, 0.0, 0.0, 0.0, 1.0]
            ]
        },
        {
            "name": "Hand_R",
            "time": [0.0, 0.1, 0.5, 0.6167, 0.7333, 0.8333, 0.9167, 0.95, 1.0, 1.0833, 1.4667, 1.7667, 2.2],
            "transform": [
                [0.999977, 0.003857, 0.005527, -0.0, -0.002371, 0.96896, -0.247206, 0.329779, -0.006309, 0.247188, 0.968947, 0.0, 0.0, 0.0, 0.0, 1.0],
                [1.000001, 0.0, -0.0, 0.0, -0.0, 0.581433, -0.813595, 0.329779, -0.0, 0.813595, 0.581432, 0.0, 0.0, 0.0, 0.0, 1.0],
                [0.997848, -0.065571, -0.0, -0.0, 0.036332, 0.552904, -0.832452, 0.329779, 0.054585, 0.830661, 0.554097, 0.0, 0.0, 0.0, 0.0, 1.0],
                [0.991774, -0.12622, 0.02128, 0.0, 0.053345, 0.256447, -0.965085, 0.329779, 0.116355, 0.958282, 0.261071, -0.0, 0.0, 0.0, 0.0, 1.0],
                [0.999999, -0.001136, 0.001119, 0.0, 0.001443, 0.345723, -0.938335, 0.329779, 0.000679, 0.938336, 0.345725, -0.0, 0.0, 0.0, 0.0, 1.0],
                [1.0, 0.0, 0.0, 0.0, -0.0, 0.952022, -0.306029, 0.329779, -0.0, 0.306029, 0.952022, 0.0, 0.0, 0.0, 0.0, 1.0],
                [1.0, 0.0, 0.0, -0.0, -0.0, 0.999165, -0.04087, 0.329779, -0.0, 0.04087, 0.999164, 0.0, 0.0, 0.0, 0.0, 1.0],
                [1.0, 0.0, 0.0, -0.0, -0.0, 0.999699, -0.024525, 0.329779, -0.0, 0.024525, 0.999699, -0.0, 0.0, 0.0, 0.0, 1.0],
                [1.0, 0.0, 0.0, 0.0, -0.0, 1.0, -0.0, 0.329779, -0.0, 0.0, 1.0, -1e-06, 0.0, 0.0, 0.0, 1.0],
                [1.0, 0.0, 0.0, 0.0, -0.0, 1.0, -0.0, 0.329779, -0.0, 0.0, 1.0, 0.0, 0.0, 0.0, 0.0, 1.0],
                [1.000001, 0.0, 0.0, 0.0, -0.0, 1.000001, -0.0, 0.329779, -0.0, 0.0, 1.0, -0.0, 0.0, 0.0, 0.0, 1.0],
                [0.999995, 0.000678, 0.003111, 0.0, -0.000456, 0.997473, -0.071051, 0.329779, -0.003151, 0.071049, 0.997468, -0.0, 0.0, 0.0, 0.0, 1.0],
                [0.999985, 0.001323, 0.005381, 0.0, -0.000648, 0.992343, -0.123512, 0.329779, -0.005503, 0.123507, 0.992328, 0.0, 0.0, 0.0, 0.0, 1.0]
            ]
        },
        {
            "name": "Tool_R",
            "time": [0.0, 0.1, 0.5, 0.6167, 0.7333, 0.8333, 0.9167, 0.95, 1.0, 1.0833, 1.4667, 1.7667, 2.2],
            "transform": [
                [0.078497, -0.001308, -0.996914, -0.02, -0.001308, -0.999998, 0.001209, 0.291425, -0.996914, 0.001209, -0.078499, 0.0, 0.0, 0.0, 0.0, 1.0],
                [-0.25325, 0.088495, -0.963345, -0.02, -0.016213, -0.996055, -0.087238, 0.291425, -0.967266, -0.006474, 0.253686, 0.0, 0.0, 0.0, 0.0, 1.0],
                [0.331743, -0.51805, -0.788398, -0.02, 0.147378, -0.797003, 0.585718, 0.291425, -0.931787, -0.3105, -0.188051, 0.0, 0.0, 0.0, 0.0, 1.0],
                [0.662367, -0.175688, -0.728289, -0.02, -0.082997, -0.983339, 0.161729, 0.291425, -0.744568, -0.046678, -0.665912, 0.0, 0.0, 0.0, 0.0, 1.0],
                [0.888274, 0.402846, -0.220648, -0.02, 0.200956, -0.77282, -0.601968, 0.291425, -0.413022, 0.490372, -0.76743, 0.0, 0.0, 0.0, 0.0, 1.0],
                [1.0, -0.0, 0.0, -0.02, -0.0, -0.965926, -0.258819, 0.291425, 0.0, 0.258819, -0.965926, -0.0, 0.0, 0.0, 0.0, 1.0],
                [0.996218, -0.008826, -0.086435, -0.02, -0.06376, -0.750067, -0.658282, 0.291425, -0.059022, 0.661303, -0.747793, 0.0, 0.0, 0.0, 0.0, 1.0],
                [0.992132, -0.006725, -0.125017, -0.02, -0.096906, -0.673497, -0.732811, 0.291425, -0.07927, 0.73916, -0.66885, -0.0, 0.0, 0.0, 0.0, 1.0],
                [0.982665, -0.092648, -0.160578, -0.02, -0.131383, -0.959127, -0.250627, 0.291425, -0.130794, 0.26738, -0.954673, -1e-06, 0.0, 0.0, 0.0, 1.0],
                [0.930425, -0.201116, -0.306369, -0.02, -0.218517, -0.975557, -0.023219, 0.291425, -0.294211, 0.088551, -0.951629, -1e-06, 0.0, 0.0, 0.0, 1.0],
                [0.982665, -0.096825, -0.158094, -0.02, -0.131384, -0.965367, -0.2254, 0.291425, -0.130794, 0.242264, -0.961354, -0.0, 0.0, 0.0, 0.0, 1.0],
                [0.976743, 0.201852, 0.072312, -0.02, 0.210527, -0.966775, -0.145002, 0.291425, 0.040641, 0.156853, -0.986786, -0.0, 0.0, 0.0, 0.0, 1.0],
                [-0.200751, -0.014162, -0.97954, -0.02, -0.014162, -0.999749, 0.017357, 0.291425, -0.97954, 0.017357, 0.200501, -0.0, 0.0, 0.0, 0.0, 1.0]
            ]
        },
        {
            "name": "Elbow_R",
            "time": [0.0, 0.1, 0.5, 0.6167, 0.7333, 0.8333, 0.9167, 0.95, 1.0, 1.0833, 1.4667, 1.7667, 2.2],
            "transform": [
                [-1.0, -0.0, -0.0, 0.0, 0.0, 0.124566, -0.992211, 0.329779, 0.0, -0.992211, -0.124566, -0.0, 0.0, 0.0, 0.0, 1.0],
                [-1.000001, 0.0, -0.0, -0.0, 1e-06, 0.457476, -0.889223, 0.329779, -0.0, -0.889222, -0.457476, 0.0, 0.0, 0.0, 0.0, 1.0],
                [-1.0, 0.0, -0.0, 0.0, 0.0, 0.471739, -0.881737, 0.329779, -0.0, -0.881738, -0.471739, 0.0, 0.0, 0.0, 0.0, 1.0],
                [-0.999999, 0.0, -0.0, -0.0, 0.0, 0.607101, -0.794625, 0.329779, -0.0, -0.794625, -0.607102, -0.0, 0.0, 0.0, 0.0, 1.0],
                [-1.0, 0.0, -1e-06, 0.0, 1e-06, 0.571959, -0.820282, 0.329779, -0.0, -0.820282, -0.57196, -0.0, 0.0, 0.0, 0.0, 1.0],
                [-1.0, 0.0, -0.0, 0.0, 0.0, 0.154884, -0.987933, 0.329779, 0.0, -0.987933, -0.154884, 0.0, 0.0, 0.0, 0.0, 1.0],
                [-1.0, -0.0, -0.0, -0.0, 1e-06, 0.020439, -0.999791, 0.329779, -0.0, -0.999791, -0.02044, 0.0, 0.0, 0.0, 0.0, 1.0],
                [-0.999925, 3e-06, 2e-06, -0.0, -1e-06, 0.012297, -0.999903, 0.32978, -3e-06, -0.999872, -0.012229, 0.0, 0.0, 0.0, 0.0, 1.0],
                [-1.0, -0.0, -0.0, 0.0, 0.0, 0.0, -1.0, 0.329779, -0.0, -1.0, -0.0, -1e-06, 0.0, 0.0, 0.0, 1.0],
                [-1.0, 0.0, -1e-06, 0.0, 0.0, 0.0, -1.000001, 0.329779, -0.0, -1.0, -0.0, 0.0, 0.0, 0.0, 0.0, 1.0],
                [-1.0, -0.0, -0.0, 0.0, 0.0, 0.0, -1.000002, 0.329779, -0.0, -1.0, -0.0, -0.0, 0.0, 0.0, 0.0, 1.0],
                [-1.0, 0.0, -0.0, 0.0, 1e-06, 0.035547, -0.999368, 0.329779, -0.0, -0.999368, -0.035547, -1e-06, 0.0, 0.0, 0.0, 1.0],
                [-1.0, -0.0, -0.0, 0.0, 0.0, 0.061873, -0.998084, 0.329779, 0.0, -0.998084, -0.061873, 0.0, 0.0, 0.0, 0.0, 1.0]
            ]
        },
        {
            "name": "Shoulder_L",
            "time": [0.0, 0.1, 0.5, 0.6167, 0.7333, 0.8333, 0.9167, 0.95, 1.0, 1.0833, 1.4667, 1.7667, 2.2],
            "transform": [
                [0.524706, -0.83787, -0.150526, 0.0, -0.064905, -0.215682, 0.974304, 0.35, -0.848806, -0.501454, -0.167551, 0.0, 0.0, 0.0, 0.0, 1.0],
                [0.205366, -0.973269, -0.102826, 0.0, 0.037679, -0.097124, 0.994559, 0.35, -0.97796, -0.208123, 0.016726, -0.0, 0.0, 0.0, 0.0, 1.0],
                [0.408789, -0.891581, -0.194871, -0.0, 0.094558, -0.171, 0.980723, 0.350001, -0.907717, -0.419336, 0.014403, -0.0, 0.0, 0.0, 0.0, 1.0],
                [0.51834, -0.85425, 0.039763, 0.0, -0.027934, 0.029559, 0.999172, 0.35, -0.854718, -0.519022, -0.008541, 0.0, 0.0, 0.0, 0.0, 1.0],
                [0.542019, -0.797667, 0.264468, 0.0, -0.205127, 0.179606, 0.962114, 0.35, -0.814947, -0.575734, -0.066273, -0.0, 0.0, 0.0, 0.0, 1.0],
                [0.508207, -0.853228, -0.117169, 0.0, 0.02372, -0.122129, 0.992231, 0.35, -0.860908, -0.507038, -0.041828, 0.0, 0.0, 0.0, 0.0, 1.0],
                [0.481026, -0.82849, -0.286738, -0.0, 0.13659, -0.252247, 0.957974, 0.35, -0.866001, -0.499976, -0.008174, 0.0, 0.0, 0.0, 0.0, 1.0],
                [0.474761, -0.809378, -0.3457, 0.0, 0.159114, -0.307384, 0.938188, 0.35, -0.865612, -0.500422, -0.017151, -0.0, 0.0, 0.0, 0.0, 1.0],
                [-0.041148, -0.906501, -0.420194, 0.0, -0.014913, -0.419947, 0.907426, 0.35, -0.999042, 0.043605, 0.003761, 0.0, 0.0, 0.0, 0.0, 1.0],
                [-0.048225, -0.906701, -0.419008, -0.0, -0.017443, -0.418668, 0.907972, 0.35, -0.998684, 0.051096, 0.004374, 0.0, 0.0, 0.0, 0.0, 1.0],
                [-0.080781, -0.90692, -0.413486, -0.0, -0.02895, -0.412532, 0.910483, 0.35, -0.996312, 0.08552, 0.007069, 0.0, 0.0, 0.0, 0.0, 1.0],
                [0.08856, -0.992012, -0.089831, 0.0, 0.015715, -0.088782, 0.995927, 0.35, -0.995947, -0.089611, 0.007727, -0.0, 0.0, 0.0, 0.0, 1.0],
                [0.531406, -0.830578, -0.166573, 0.0, -0.109581, -0.262382, 0.958722, 0.35, -0.84, -0.491218, -0.230447, -0.0, 0.0, 0.0, 0.0, 1.0]
            ]
        },
        {
            "name": "Arm_L",
            "time": [0.0, 0.1, 0.5, 0.6167, 0.7333, 0.8333, 0.9167, 0.95, 1.0, 1.0833, 1.4667, 1.7667, 2.2],
            "transform": [
                [-0.584612, 0.164344, 0.794494, 0.0, -0.54473, 0.646205, -0.534499, 0.388212, -0.601247, -0.745259, -0.288256, 0.0, 0.0, 0.0, 0.0, 1.0],
                [-0.672513, 0.599884, 0.433434, 0.0, -0.514447, 0.042105, -0.856488, 0.388212, -0.532044, -0.798977, 0.280293, -0.0, 0.0, 0.0, 0.0, 1.0],
                [0.40836, 0.164663, 0.897847, 0.0, 0.832223, 0.336948, -0.440309, 0.388212, -0.37503, 0.927012, 0.00056, 0.0, 0.0, 0.0, 0.0, 1.0],
                [0.460231, 0.504927, 0.73023, 0.0, 0.519621, 0.513715, -0.682708, 0.388212, -0.719849, 0.693646, -0.025943, -0.0, 0.0, 0.0, 0.0, 1.0],
                [0.120138, 0.827607, 0.5483, 0.0, 0.591391, 0.383948, -0.709113, 0.388213, -0.797386, 0.409451, -0.443312, -0.0, 0.0, 0.0, 0.0, 1.0],
                [-0.002433, 0.986115, -0.166048, 0.0, 0.120323, -0.164554, -0.979002, 0.388212, -0.992731, -0.022361, -0.118252, 0.0, 0.0, 0.0, 0.0, 1.0],
                [-0.25599, 0.927579, 0.272151, -0.0, 0.07781, 0.30039, -0.950637, 0.388212, -0.963542, -0.222178, -0.149072, 0.0, 0.0, 0.0, 0.0, 1.0],
                [-0.384067, 0.906095, -0.177437, -0.0, 0.292057, -0.063085, -0.954318, 0.388212, -0.875896, -0.418344, -0.240403, 0.0, 0.0, 0.0, 0.0, 1.0],
                [0.150771, 0.949497, -0.275179, -0.0, 0.542225, -0.312181, -0.780086, 0.388212, -0.826595, -0.031595, -0.561909, -0.0, 0.0, 0.0, 0.0, 1.0],
                [0.091525, 0.942867, -0.320352, 0.0, 0.492311, -0.32248, -0.808477, 0.388212, -0.865594, -0.083717, -0.493698, -0.0, 0.0, 0.0, 0.0, 1.0],
                [-0.169307, 0.867689, -0.467385, 0.0, 0.669349, -0.246851, -0.700741, 0.388212, -0.7234, -0.431484, -0.538993, -0.0, 0.0, 0.0, 0.0, 1.0],
                [-0.771974, 0.599234, -0.212074, 0.0, 0.017174, -0.313846, -0.949319, 0.388212, -0.635423, -0.736491, 0.23199, -0.0, 0.0, 0.0, 0.0, 1.0],
                [-0.616817, 0.144946, 0.773645, -0.0, -0.572069, 0.592547, -0.567121, 0.388212, -0.540624, -0.792388, -0.282574, -0.0, 0.0, 0.0, 0.0, 1.0]
            ]
        },
        {
            "name": "Hand_L",
            "time": [0.0, 0.1, 0.5, 0.6167, 0.7333, 0.8333, 0.9167, 0.95, 1.0, 1.0833, 1.4667, 1.7667, 2.2],
            "transform": [
                [1.0, 1e-06, 0.0, -0.0, -0.0, 0.510031, -0.860157, 0.329779, -1e-06, 0.860156, 0.510031, -0.0, 0.0, 0.0, 0.0, 1.0],
                [1.0, 1e-06, 0.0, -0.0, -0.0, 0.882873, -0.469614, 0.329779, -1e-06, 0.469613, 0.882872, 0.0, 0.0, 0.0, 0.0, 1.0],
                [0.999238, -0.000268, 0.039032, 0.0, 0.039033, 0.006887, -0.999215, 0.329779, -1e-06, 0.999976, 0.006892, -0.0, 0.0, 0.0, 0.0, 1.0],
                [0.998924, -0.044642, -0.012563, -0.0, 0.011661, 0.503978, -0.863638, 0.329779, 0.044886, 0.862562, 0.503957, -0.0, 0.0, 0.0, 0.0, 1.0],
                [0.999992, -0.003934, 0.00055, -0.0, 0.00351, 0.810318, -0.585981, 0.329779, 0.00186, 0.585978, 0.810325, -0.0, 0.0, 0.0, 0.0, 1.0],
                [1.000001, 0.0, -0.0, -0.0, -0.0, 0.75138, -0.659871, 0.329779, -0.0, 0.659871, 0.75138, 0.0, 0.0, 0.0, 0.0, 1.0],
                [1.000001, 0.0, 0.0, 0.0, -0.0, 0.855102, -0.51846, 0.329779, -0.0, 0.51846, 0.855102, 0.0, 0.0, 0.0, 0.0, 1.0],
                [1.000001, 1e-06, 0.0, -0.0, -0.0, 0.719506, -0.694488, 0.329779, -0.0, 0.694488, 0.719505, -0.0, 0.0, 0.0, 0.0, 1.0],
                [1.000001, 1e-06, -0.0, -0.0, -0.0, 0.462398, -0.886673, 0.329779, -0.0, 0.886673, 0.462398, -0.0, 0.0, 0.0, 0.0, 1.0],
                [1.000001, 0.0, 0.0, -0.0, -0.0, 0.621152, -0.783691, 0.329779, -0.0, 0.783691, 0.621152, -0.0, 0.0, 0.0, 0.0, 1.0],
                [1.0, 0.0, 1e-06, 0.0, -0.0, 1.000001, 1e-06, 0.329779, -1e-06, -1e-06, 1.0, 0.0, 0.0, 0.0, 0.0, 1.0],
                [1.0, 0.0, 0.0, -0.0, -0.0, 0.928228, -0.372011, 0.329779, -0.0, 0.372011, 0.928228, -0.0, 0.0, 0.0, 0.0, 1.0],
                [1.0, 1e-06, 0.0, 0.0, -0.0, 0.631718, -0.775199, 0.329779, -1e-06, 0.775198, 0.631718, 0.0, 0.0, 0.0, 0.0, 1.0]
            ]
        },
        {
            "name": "Tool_L",
            "time": [0.0, 0.1, 0.5, 0.6167, 0.7333, 0.8333, 0.9167, 0.95, 1.0, 1.0833, 1.4667, 1.7667, 2.2],
            "transform": [
                [1.0, -0.0, 0.0, 0.02, -0.0, -1.0, -0.0, 0.291426, 0.0, -0.0, -0.999999, -0.0, 0.0, 0.0, 0.0, 1.0],
                [1.0, -0.0, 0.0, 0.02, -0.0, -1.0, 0.0, 0.291426, 0.0, -0.0, -1.0, -0.0, 0.0, 0.0, 0.0, 1.0],
                [1.0, -0.0, 0.0, 0.02, -0.0, -1.0, 0.0, 0.291426, 0.0, 0.0, -0.999999, -0.0, 0.0, 0.0, 0.0, 1.0],
                [1.0, -0.0, 0.0, 0.02, -0.0, -0.999999, 0.0, 0.291426, 0.0, 0.0, -1.0, 0.0, 0.0, 0.0, 0.0, 1.0],
                [1.0, -0.0, 0.0, 0.02, -0.0, -1.0, 0.0, 0.291426, 0.0, -0.0, -1.0, 0.0, 0.0, 0.0, 0.0, 1.0],
                [1.0, -0.0, 0.0, 0.02, -0.0, -0.999999, 0.0, 0.291426, 0.0, 0.0, -0.999999, -0.0, 0.0, 0.0, 0.0, 1.0],
                [1.0, -0.0, 0.0, 0.02, -0.0, -1.0, -0.0, 0.291426, 0.0, 0.0, -1.0, 0.0, 0.0, 0.0, 0.0, 1.0],
                [1.0, -0.0, 0.0, 0.02, -0.0, -1.0, -0.0, 0.291425, 0.0, 0.0, -1.0, 0.0, 0.0, 0.0, 0.0, 1.0],
                [1.0, -0.0, 0.0, 0.02, -0.0, -1.0, 0.0, 0.291426, 0.0, 0.0, -1.0, -0.0, 0.0, 0.0, 0.0, 1.0],
                [1.0, -0.0, 0.0, 0.02, -0.0, -1.0, 0.0, 0.291426, 0.0, 0.0, -1.0, -0.0, 0.0, 0.0, 0.0, 1.0],
                [1.0, -0.0, 0.0, 0.02, -0.0, -1.0, 0.0, 0.291426, 0.0, -0.0, -1.0, 0.0, 0.0, 0.0, 0.0, 1.0],
                [1.0, -0.0, 0.0, 0.02, -0.0, -1.0, 0.0, 0.291426, 0.0, -0.0, -1.0, 0.0, 0.0, 0.0, 0.0, 1.0],
                [1.0, -0.0, 0.0, 0.02, -0.0, -1.0, 0.0, 0.291426, 0.0, -0.0, -0.999999, 0.0, 0.0, 0.0, 0.0, 1.0]
            ]
        },
        {
            "name": "Elbow_L",
            "time": [0.0, 0.1, 0.5, 0.6167, 0.7333, 0.8333, 0.9167, 0.95, 1.0, 1.0833, 1.4667, 1.7667, 2.2],
            "transform": [
                [-1.0, 0.0, -0.0, -0.0, 0.0, 0.494959, -0.868916, 0.329779, 0.0, -0.868916, -0.494959, -0.0, 0.0, 0.0, 0.0, 1.0],
