{
    "animation": [
        {
            "name": "Root",
            "time": [0.0, 0.3, 0.4333, 0.6167, 0.8, 0.95],
            "transform": [
                [0.839439, 0.017108, -0.543184, -5e-06, -0.521626, -0.255059, -0.814157, 0.000947, -0.152473, 0.966774, -0.205182, 0.736967, 0.0, 0.0, 0.0, 1.0],
                [0.299955, -0.069231, -0.951438, -5e-06, -0.933409, -0.227175, -0.27774, 0.100946, -0.196915, 0.97139, -0.132763, 0.702354, 0.0, 0.0, 0.0, 1.0],
                [-0.090621, -0.089081, -0.991893, -5e-06, -0.965996, -0.23432, 0.109299, 0.100946, -0.242157, 0.96807, -0.064818, 0.698624, 0.0, 0.0, 0.0, 1.0],
                [0.925854, -0.160193, 0.342246, -5e-06, 0.376989, 0.453774, -0.807446, 0.74184, -0.025955, 0.8766, 0.480519, 0.604635, 0.0, 0.0, 0.0, 1.0],
                [0.708331, -0.428105, 0.561243, -5e-06, 0.705837, 0.438447, -0.55638, 1.000947, -0.007886, 0.790247, 0.612738, 0.605124, 0.0, 0.0, 0.0, 1.0],
                [0.973694, -0.214038, 0.07815, -5e-06, 0.135739, 0.269384, -0.953419, 1.000947, 0.183016, 0.938946, 0.291351, 0.730197, 0.0, 0.0, 0.0, 1.0]
            ]
        },
        {
            "name": "Thigh_R",
            "time": [0.0, 0.3, 0.4333, 0.5, 0.6167, 0.8, 0.95],
            "transform": [
                [0.950708, 0.309942, -0.009478, 0.124994, 0.309942, -0.948884, 0.059591, -0.002831, 0.009476, -0.059591, -0.998178, -1.2e-05, 0.0, 0.0, 0.0, 1.0],
                [0.903486, 0.413843, -0.11156, 0.124994, 0.413843, -0.774533, 0.478363, -0.002831, 0.11156, -0.478363, -0.871047, -1.2e-05, 0.0, 0.0, 0.0, 1.0],
                [0.94026, 0.320659, -0.114401, 0.124994, 0.320659, -0.72118, 0.614065, -0.002831, 0.114402, -0.614065, -0.780919, -1.2e-05, 0.0, 0.0, 0.0, 1.0],
                [0.949631, 0.302842, -0.080534, 0.124994, 0.302843, -0.820866, 0.484214, -0.002831, 0.080533, -0.484214, -0.871234, -1.2e-05, 0.0, 0.0, 0.0, 1.0],
                [1.0, 0.000826, -8.5e-05, 0.124994, 0.000827, -0.979744, 0.200244, -0.00283, 8.2e-05, -0.200244, -0.979745, -1.2e-05, 0.0, 0.0, 0.0, 1.0],
                [0.992764, -0.099812, 0.066764, 0.124994, -0.099812, -0.376775, 0.920911, -0.00283, -0.066763, -0.920911, -0.384011, -1.2e-05, 0.0, 0.0, 0.0, 1.0],
                [0.990234, -0.132673, 0.04283, 0.124994, -0.132673, -0.80239, 0.581864, -0.00283, -0.042831, -0.581863, -0.812157, -1.2e-05, 0.0, 0.0, 0.0, 1.0]
            ]
        },
        {
            "name": "Leg_R",
            "time": [0.0, 0.3, 0.4333, 0.5, 0.6167, 0.8, 0.95],
            "transform": [
                [0.999962, -0.00662, -0.005679, 0.0, 0.008723, 0.758796, 0.651274, 0.37472, -2e-06, -0.651296, 0.758825, 0.0, 0.0, 0.0, 0.0, 1.0],
                [0.999963, -0.004595, -0.007414, 0.0, 0.008723, 0.526518, 0.850121, 0.37472, -3e-06, -0.850153, 0.526537, 0.0, 0.0, 0.0, 0.0, 1.0],
                [0.999962, -0.005165, -0.007029, 0.0, 0.008723, 0.591856, 0.805997, 0.37472, -2e-06, -0.806028, 0.591878, 0.0, 0.0, 0.0, 0.0, 1.0],
                [0.999962, -0.004155, -0.007669, -0.0, 0.008723, 0.476123, 0.879336, 0.37472, -2e-06, -0.87937, 0.476141, 0.0, 0.0, 0.0, 0.0, 1.0],
                [0.999961, -0.007175, -0.00496, -0.0, 0.008723, 0.822357, 0.568907, 0.37472, -3e-06, -0.568929, 0.822389, 0.0, 0.0, 0.0, 0.0, 1.0],
                [0.999962, -0.003676, -0.00791, -0.0, 0.008723, 0.421156, 0.906947, 0.37472, -2e-06, -0.906981, 0.421172, 0.0, 0.0, 0.0, 0.0, 1.0],
                [0.999962, -0.007915, -0.003667, 0.0, 0.008723, 0.907208, 0.420595, 0.37472, -2e-06, -0.420611, 0.907242, -0.0, 0.0, 0.0, 0.0, 1.0]
            ]
        },
        {
            "name": "Knee_R",
            "time": [0.0, 0.3, 0.4333, 0.6167, 0.8, 0.95],
            "transform": [
                [0.99999, -0.003817, -0.002252, -0.0, -0.000786, 0.34726, -0.937769, 0.37472, 0.004361, 0.937761, 0.347253, 0.0, 0.0, 0.0, 0.0, 1.0],
                [0.99999, -0.003257, -0.003116, -0.0, -0.001137, 0.486552, -0.873651, 0.37472, 0.004361, 0.873645, 0.486543, -0.0, 0.0, 0.0, 0.0, 1.0],
                [0.99999, -0.003419, -0.002903, -0.0, -0.001046, 0.451733, -0.892153, 0.37472, 0.004361, 0.892147, 0.451724, 0.0, 0.0, 0.0, 0.0, 1.0],
                [0.99999, -0.003964, -0.001939, -0.0, -0.000669, 0.298005, -0.954564, 0.37472, 0.004361, 0.954556, 0.298, -0.0, 0.0, 0.0, 0.0, 1.0],
                [0.99999, -0.002989, -0.003423, -0.0, -0.001278, 0.537973, -0.842961, 0.37472, 0.004361, 0.842957, 0.537964, 0.0, 0.0, 0.0, 0.0, 1.0],
                [0.999991, -0.004156, -0.001408, 0.0, -0.00048, 0.21536, -0.976535, 0.37472, 0.004361, 0.976526, 0.215356, 0.0, 0.0, 0.0, 0.0, 1.0]
            ]
        },
        {
            "name": "Thigh_L",
            "time": [0.0, 0.3, 0.4333, 0.5, 0.6167, 0.8, 0.95],
            "transform": [
                [0.999998, -0.001701, 2.3e-05, -0.125006, -0.001701, -0.999624, 0.027332, -0.002831, -2.4e-05, -0.027332, -0.999627, -1.2e-05, 0.0, 0.0, 0.0, 1.0],
                [0.989452, -0.144856, 0.000736, -0.125006, -0.144856, -0.9894, 0.010114, -0.002831, -0.000737, -0.010114, -0.999949, -1.2e-05, 0.0, 0.0, 0.0, 1.0],
                [0.992984, -0.117495, -0.013311, -0.125006, -0.117495, -0.96773, -0.222915, -0.002831, 0.01331, 0.222915, -0.974747, -1.2e-05, 0.0, 0.0, 0.0, 1.0],
                [0.990828, -0.131615, 0.030604, -0.125006, -0.131615, -0.888704, 0.439183, -0.002831, -0.030605, -0.439183, -0.897876, -1.2e-05, 0.0, 0.0, 0.0, 1.0],
                [0.982161, -0.17235, 0.075189, -0.125006, -0.17235, -0.665233, 0.726471, -0.00283, -0.075189, -0.72647, -0.683071, -1.2e-05, 0.0, 0.0, 0.0, 1.0],
                [0.930293, -0.33645, 0.146138, -0.125006, -0.33645, -0.623918, 0.705356, -0.00283, -0.146139, -0.705355, -0.693626, -1.2e-05, 0.0, 0.0, 0.0, 1.0],
                [0.965322, -0.251946, 0.06838, -0.125006, -0.251946, -0.830482, 0.496812, -0.00283, -0.068381, -0.496812, -0.86516, -1.2e-05, 0.0, 0.0, 0.0, 1.0]
            ]
        },
        {
            "name": "Leg_L",
            "time": [0.0, 0.3, 0.4333, 0.5, 0.6167, 0.8, 0.95],
            "transform": [
                [1.000001, 1e-06, 1e-06, 0.0, -1e-06, 0.961136, 0.276079, 0.37472, -1e-06, -0.276078, 0.961136, 0.0, 0.0, 0.0, 0.0, 1.0],
                [1.0, 1e-06, 1e-06, -0.0, -1e-06, 0.903939, 0.427663, 0.37472, -1e-06, -0.427662, 0.903938, -0.0, 0.0, 0.0, 0.0, 1.0],
                [1.0, 1e-06, 1e-06, 0.0, -1e-06, 0.982771, 0.184826, 0.37472, -1e-06, -0.184826, 0.982772, 0.0, 0.0, 0.0, 0.0, 1.0],
                [1.0, -0.0, 2e-06, -0.0, -1e-06, 0.525138, 0.851018, 0.37472, -1e-06, -0.851018, 0.525138, 0.0, 0.0, 0.0, 0.0, 1.0],
                [1.000001, -0.0, 2e-06, 0.0, -1e-06, 0.447825, 0.894123, 0.37472, -1e-06, -0.894122, 0.447825, 0.0, 0.0, 0.0, 0.0, 1.0],
                [1.000001, 0.0, 2e-06, 0.0, -1e-06, 0.670376, 0.742022, 0.37472, -1e-06, -0.742022, 0.670376, 0.0, 0.0, 0.0, 0.0, 1.0],
                [1.000001, 0.0, 2e-06, -0.0, -1e-06, 0.675898, 0.736996, 0.37472, -1e-06, -0.736995, 0.675899, 0.0, 0.0, 0.0, 0.0, 1.0]
            ]
        },
        {
            "name": "Knee_L",
            "time": [0.0, 0.3, 0.4333, 0.6167, 0.8, 0.95],
            "transform": [
                [1.0, 1e-06, -1e-06, -0.0, -1e-06, 0.139402, -0.990236, 0.37472, -1e-06, 0.990236, 0.139402, 0.0, 0.0, 0.0, 0.0, 1.0],
                [1.0, 1e-06, -1e-06, -0.0, -1e-06, 0.21916, -0.975689, 0.37472, -1e-06, 0.975689, 0.219161, 0.0, 0.0, 0.0, 0.0, 1.0],
                [1.0, 0.0, -1e-06, 0.0, -1e-06, 0.092815, -0.995683, 0.37472, -1e-06, 0.995683, 0.092815, 0.0, 0.0, 0.0, 0.0, 1.0],
                [1.0, 1e-06, -1e-06, 0.0, -1e-06, 0.525442, -0.85083, 0.37472, -0.0, 0.850829, 0.525442, 0.0, 0.0, 0.0, 0.0, 1.0],
                [1.0, 1e-06, -1e-06, 0.0, -1e-06, 0.405972, -0.913886, 0.37472, -1e-06, 0.913885, 0.405972, 0.0, 0.0, 0.0, 0.0, 1.0],
                [1.0, 1e-06, -1e-06, 0.0, -1e-06, 0.402557, -0.915395, 0.37472, -0.0, 0.915395, 0.402557, 0.0, 0.0, 0.0, 0.0, 1.0]
            ]
        },
        {
            "name": "Torso",
            "time": [0.0, 0.3, 0.4333, 0.6167, 0.8, 0.95],
            "transform": [
                [0.999863, -0.016536, -0.000247, -0.0, 0.016538, 0.999752, 0.014887, 0.05, 0.0, -0.014889, 0.999889, 0.0, 0.0, 0.0, 0.0, 1.0],
                [0.999999, -0.001166, -2e-06, -0.0, 0.001166, 0.999999, 0.001091, 0.05, 0.0, -0.001092, 1.0, 0.0, 0.0, 0.0, 0.0, 1.0],
                [1.0, 0.0, -0.0, 0.0, -0.0, 1.0, -0.0, 0.05, 0.0, 0.0, 1.0, -0.0, 0.0, 0.0, 0.0, 1.0],
                [1.0, 0.0, -0.0, -0.0, -0.0, 1.0, -0.0, 0.05, 0.0, 0.0, 1.0, -0.0, 0.0, 0.0, 0.0, 1.0],
                [1.0, 0.0, -0.0, 0.0, -0.0, 1.0, -0.0, 0.05, 0.0, 0.0, 1.0, 0.0, 0.0, 0.0, 0.0, 1.0],
                [0.987606, 0.156944, -0.001951, -0.0, -0.156956, 0.98753, -0.012276, 0.05, 0.0, 0.012431, 0.999923, 0.0, 0.0, 0.0, 0.0, 1.0]
            ]
        },
        {
            "name": "Chest",
            "time": [0.0, 0.3, 0.4333, 0.5, 0.5667, 0.6167, 0.8, 0.95],
            "transform": [
                [0.918204, -0.359673, -0.165943, -0.0, 0.395911, 0.82012, 0.413108, 0.35, -0.01249, -0.445016, 0.895436, -0.0, 0.0, 0.0, 0.0, 1.0],
                [0.9328, -0.111736, -0.342636, -0.0, 0.110641, 0.993598, -0.022807, 0.35, 0.342991, -0.016635, 0.939191, -0.0, 0.0, 0.0, 0.0, 1.0],
                [0.895942, 0.288313, -0.337882, 0.0, -0.338236, 0.935917, -0.098267, 0.35, 0.287897, 0.202325, 0.936045, 0.0, 0.0, 0.0, 0.0, 1.0],
                [0.830149, 0.288506, 0.477092, 0.0, -0.277148, 0.95603, -0.095886, 0.35, -0.483778, -0.052626, 0.873607, 0.0, 0.0, 0.0, 0.0, 1.0],
                [0.811711, 0.142906, 0.566307, 0.0, -0.271298, 0.950908, 0.148904, 0.35, -0.517227, -0.274504, 0.810632, -0.0, 0.0, 0.0, 0.0, 1.0],
                [0.911676, 0.003546, 0.410895, 0.0, -0.165585, 0.918349, 0.359466, 0.35, -0.376071, -0.395755, 0.837824, -0.0, 0.0, 0.0, 0.0, 1.0],
                [0.627909, 0.002674, 0.778282, 0.0, -0.335274, 0.903378, 0.267391, 0.35, -0.702368, -0.428835, 0.568137, -0.0, 0.0, 0.0, 0.0, 1.0],
                [0.984621, -0.149111, -0.091035, 0.0, 0.169073, 0.94452, 0.281593, 0.35, 0.043996, -0.292654, 0.955206, -0.0, 0.0, 0.0, 0.0, 1.0]
            ]
        },
        {
            "name": "Head",
            "time": [0.0, 0.3, 0.4333, 0.6167, 0.8, 0.95],
            "transform": [
                [0.782191, 0.261951, 0.565295, 0.0, -0.05103, 0.931207, -0.3609, 0.35, -0.620945, 0.253446, 0.74175, -0.0, 0.0, 0.0, 0.0, 1.0],
                [-0.047987, -0.057943, 0.997166, -0.0, -0.154916, 0.986668, 0.049878, 0.35, -0.986762, -0.152084, -0.056324, 0.0, 0.0, 0.0, 0.0, 1.0],
                [-0.296687, -0.534566, 0.791338, 0.0, -0.37027, 0.828219, 0.420659, 0.35, -0.880271, -0.168205, -0.443655, -0.0, 0.0, 0.0, 0.0, 1.0],
                [0.74369, -0.348395, -0.570567, 0.0, -0.282423, 0.609841, -0.740494, 0.35, 0.60594, 0.711838, 0.355138, 0.0, 0.0, 0.0, 0.0, 1.0],
                [0.194102, -0.700268, -0.686985, 0.0, -0.625528, 0.451108, -0.636567, 0.35, 0.755672, 0.553287, -0.350476, 0.0, 0.0, 0.0, 0.0, 1.0],
                [0.971466, 0.214892, -0.100378, 0.0, -0.234258, 0.803117, -0.547837, 0.35, -0.037111, 0.555719, 0.830541, 0.0, 0.0, 0.0, 0.0, 1.0]
            ]
        },
        {
            "name": "Shoulder_R",
            "time": [0.0, 0.3, 0.4333, 0.6167, 0.8, 0.95],
            "transform": [
                [0.089625, 0.962961, 0.254311, 0.0, 0.000734, -0.255403, 0.966834, 0.35, 0.995975, -0.086466, -0.023597, -0.0, 0.0, 0.0, 0.0, 1.0],
                [0.089625, 0.962961, 0.254311, -0.0, 0.000734, -0.255403, 0.966834, 0.35, 0.995976, -0.086466, -0.023597, 0.0, 0.0, 0.0, 0.0, 1.0],
                [0.094781, 0.961614, 0.257518, 0.0, -0.025323, -0.25627, 0.966274, 0.35, 0.995176, -0.098105, 6.2e-05, -0.0, 0.0, 0.0, 0.0, 1.0],
                [0.089625, 0.962961, 0.254311, 0.0, 0.000734, -0.255403, 0.966834, 0.35, 0.995975, -0.086466, -0.023597, 0.0, 0.0, 0.0, 0.0, 1.0],
                [0.089625, 0.962961, 0.254311, 0.0, 0.000734, -0.255403, 0.966835, 0.35, 0.995975, -0.086466, -0.023597, 0.0, 0.0, 0.0, 0.0, 1.0],
                [0.089625, 0.962961, 0.254311, 0.0, 0.000734, -0.255403, 0.966835, 0.35, 0.995976, -0.086466, -0.023597, 0.0, 0.0, 0.0, 0.0, 1.0]
            ]
        },
        {
            "name": "Arm_R",
            "time": [0.0, 0.3, 0.4333, 0.5, 0.5667, 0.6167, 0.8, 0.95],
            "transform": [
                [0.264176, -0.367434, -0.891742, -0.0, 0.960526, 0.183812, 0.208815, 0.388213, 0.087186, -0.911705, 0.401489, -0.0, 0.0, 0.0, 0.0, 1.0],
                [0.173502, -0.764513, 0.62082, 0.0, 0.748173, 0.512245, 0.421714, 0.388213, -0.640417, 0.391312, 0.660863, 0.0, 0.0, 0.0, 0.0, 1.0],
                [0.227691, -0.946489, -0.228728, 0.0, 0.09041, -0.213334, 0.972788, 0.388213, -0.969527, -0.242174, 0.036998, 0.0, 0.0, 0.0, 0.0, 1.0],
                [-0.43209, 0.170712, 0.885526, -0.0, 0.855756, 0.387457, 0.342869, 0.388213, -0.284572, 0.905944, -0.313504, 0.0, 0.0, 0.0, 0.0, 1.0],
                [-0.212601, 0.907802, 0.361519, 0.0, 0.946801, 0.282859, -0.153486, 0.388213, -0.241593, 0.309655, -0.919645, 0.0, 0.0, 0.0, 0.0, 1.0],
                [0.133224, -0.965323, -0.224505, 0.0, 0.886622, 0.014855, 0.462256, 0.388213, -0.442891, -0.260634, 0.857856, 0.0, 0.0, 0.0, 0.0, 1.0],
                [-0.107683, -0.790205, -0.603308, -0.0, 0.684897, -0.498831, 0.531115, 0.388213, -0.720639, -0.356012, 0.594924, -0.0, 0.0, 0.0, 0.0, 1.0],
                [0.130843, -0.965509, -0.225104, 0.0, 0.948381, 0.055734, 0.312199, 0.388213, -0.288886, -0.254333, 0.922963, 0.0, 0.0, 0.0, 0.0, 1.0]
            ]
        },
        {
            "name": "Hand_R",
            "time": [0.0, 0.3, 0.4333, 0.5, 0.6167, 0.8, 0.95],
            "transform": [
                [0.999985, 0.001326, 0.005391, -0.0, -0.000648, 0.992315, -0.123736, 0.329779, -0.005514, 0.123731, 0.9923, -0.0, 0.0, 0.0, 0.0, 1.0],
                [0.999985, 0.001326, 0.005391, -0.0, -0.000648, 0.992315, -0.123735, 0.329779, -0.005514, 0.12373, 0.9923, -0.0, 0.0, 0.0, 0.0, 1.0],
                [1.0, 0.0, 0.0, -0.0, -0.0, 0.992341, -0.123525, 0.329779, -0.0, 0.123525, 0.992341, -0.0, 0.0, 0.0, 0.0, 1.0],
                [1.0, 0.000108, 0.000108, -0.0, -2.1e-05, 0.799632, -0.60049, 0.329779, -0.000151, 0.60049, 0.799632, -0.0, 0.0, 0.0, 0.0, 1.0],
                [1.0, 7.7e-05, 0.000411, 0.0, -7.3e-05, 0.999957, -0.009325, 0.329779, -0.000411, 0.009325, 0.999956, 0.0, 0.0, 0.0, 0.0, 1.0],
                [1.0, 0.0, 0.0, 0.0, -0.0, 1.0, -0.0, 0.329779, -0.0, 0.0, 1.0, 0.0, 0.0, 0.0, 0.0, 1.0],
                [0.999997, 0.000462, 0.002227, -0.0, -0.000348, 0.998711, -0.050767, 0.329779, -0.002247, 0.050766, 0.998708, 0.0, 0.0, 0.0, 0.0, 1.0]
            ]
        },
        {
            "name": "Tool_R",
            "time": [0.0, 0.3, 0.4333, 0.5, 0.5667, 0.6167, 0.8, 0.95],
            "transform": [
                [1.0, -0.0, 0.0, -0.02, -0.0, -0.941949, -0.335758, 0.291425, 0.0, 0.335758, -0.941949, 0.0, 0.0, 0.0, 0.0, 1.0],
                [1.0, -0.0, 0.0, -0.02, -0.0, -1.0, 0.0, 0.291425, 0.0, 0.0, -1.0, -0.0, 0.0, 0.0, 0.0, 1.0],
                [1.0, -0.0, 0.0, -0.02, 0.0, -1.0, -0.0, 0.291426, 0.0, 0.0, -1.0, -0.0, 0.0, 0.0, 0.0, 1.0],
                [0.999889, -0.014149, -0.004761, -0.02, -0.014786, -0.982527, -0.18553, 0.291426, -0.002053, 0.18558, -0.982628, 0.0, 0.0, 0.0, 0.0, 1.0],
                [0.999554, -0.027729, -0.011147, -0.02, -0.029886, -0.926775, -0.374427, 0.291425, 5.1e-05, 0.374593, -0.92719, 0.0, 0.0, 0.0, 0.0, 1.0],
                [0.999189, -0.038257, -0.01255, -0.02, -0.039952, -0.903476, -0.426772, 0.291426, 0.004988, 0.426928, -0.904272, 0.0, 0.0, 0.0, 0.0, 1.0],
                [0.999061, -0.043268, 0.002229, -0.02, -0.042823, -0.993986, -0.10079, 0.291426, 0.006577, 0.1006, -0.994905, 0.0, 0.0, 0.0, 0.0, 1.0],
                [0.99966, -0.017738, -0.019117, -0.02, -0.026078, -0.686067, -0.727071, 0.291426, -0.000218, 0.727322, -0.686297, 0.0, 0.0, 0.0, 0.0, 1.0]
            ]
        },
        {
            "name": "Elbow_R",
            "time": [0.0, 0.3, 0.4333, 0.6167, 0.8, 0.95],
            "transform": [
                [-0.999999, 0.0, -1e-06, -0.0, 0.0, 0.061985, -0.998077, 0.329779, -0.0, -0.998077, -0.061985, -0.0, 0.0, 0.0, 0.0, 1.0],
                [-1.0, 0.0, -1e-06, -0.0, 1e-06, 0.061985, -0.998077, 0.329779, -0.0, -0.998076, -0.061985, -0.0, 0.0, 0.0, 0.0, 1.0],
                [-1.0, -0.0, -0.0, 0.0, 0.0, 0.061881, -0.998083, 0.329779, 0.0, -0.998083, -0.061881, -0.0, 0.0, 0.0, 0.0, 1.0],
                [-0.99999, -0.0, -4e-06, 0.0, -3e-06, 0.004663, -0.999988, 0.329779, 1e-06, -0.999978, -0.004663, 0.0, 0.0, 0.0, 0.0, 1.0],
                [-1.0, 0.0, -0.0, -0.0, 0.0, 0.0, -1.0, 0.329779, -0.0, -1.0, -0.0, 0.0, 0.0, 0.0, 0.0, 1.0],
                [-1.0, 0.0, -0.0, 0.0, 0.0, 0.025391, -0.999678, 0.329779, 0.0, -0.999678, -0.025391, 0.0, 0.0, 0.0, 0.0, 1.0]
            ]
        },
        {
            "name": "Shoulder_L",
            "time": [0.0, 0.3, 0.4333, 0.6167, 0.8, 0.95],
            "transform": [
                [-0.000975, -0.969129, -0.246554, 0.0, -0.02008, -0.246485, 0.968938, 0.35, -0.999798, 0.005896, -0.01922, -0.0, 0.0, 0.0, 0.0, 1.0],
                [0.110767, -0.901661, -0.418016, -0.0, 0.040027, -0.416216, 0.908384, 0.35, -0.99304, -0.117351, -0.010012, 0.0, 0.0, 0.0, 0.0, 1.0],
                [-0.120579, -0.907803, -0.401689, 0.0, -0.042359, -0.399567, 0.915724, 0.35, -0.9918, 0.127432, 0.009726, -0.0, 0.0, 0.0, 0.0, 1.0],
                [-0.034974, -0.946343, -0.321264, 0.0, -0.010604, -0.321091, 0.946989, 0.35, -0.999332, 0.036527, 0.001195, 0.0, 0.0, 0.0, 0.0, 1.0],
                [0.012023, -0.93223, -0.361667, 0.0, 0.003929, -0.361646, 0.932307, 0.35, -0.99992, -0.01263, -0.000685, 0.0, 0.0, 0.0, 0.0, 1.0],
                [-0.161149, -0.959613, -0.230596, 0.0, -0.039032, -0.22727, 0.973049, 0.35, -0.986158, 0.165806, -0.000831, 0.0, 0.0, 0.0, 0.0, 1.0]
            ]
        },
        {
            "name": "Arm_L",
            "time": [0.0, 0.3, 0.4333, 0.5, 0.6167, 0.8, 0.95],
            "transform": [
                [0.816031, 0.190614, 0.545673, -0.0, -0.472141, 0.76441, 0.439045, 0.388212, -0.333429, -0.615908, 0.71378, 0.0, 0.0, 0.0, 0.0, 1.0],
                [0.781958, -0.62095, 0.054414, 0.0, -0.116758, -0.06016, 0.991338, 0.388212, -0.612297, -0.781537, -0.119543, -0.0, 0.0, 0.0, 0.0, 1.0],
                [0.900726, -0.418692, 0.115712, -0.0, -0.180494, -0.118443, 0.97642, 0.388212, -0.395113, -0.900372, -0.182256, 0.0, 0.0, 0.0, 0.0, 1.0],
                [-0.430151, 0.460669, 0.776373, 0.0, -0.640357, 0.45049, -0.622095, 0.388212, -0.636327, -0.764751, 0.101214, -0.0, 0.0, 0.0, 0.0, 1.0],
                [0.170144, 0.756597, 0.631356, -0.0, -0.004073, 0.641232, -0.767337, 0.388212, -0.98541, 0.127987, 0.112184, -0.0, 0.0, 0.0, 0.0, 1.0],
                [0.102496, 0.870169, 0.481975, 0.0, 0.104208, 0.472468, -0.875166, 0.388212, -0.98926, 0.139926, -0.042253, 0.0, 0.0, 0.0, 0.0, 1.0],
                [-0.045354, 0.850998, 0.523206, -0.0, -0.62115, 0.386165, -0.681945, 0.388212, -0.782378, -0.355918, 0.511084, -0.0, 0.0, 0.0, 0.0, 1.0]
            ]
        },
        {
            "name": "Hand_L",
            "time": [0.0, 0.3, 0.4333, 0.5, 0.6167, 0.8, 0.95],
            "transform": [
                [0.99932, -0.036878, 0.000449, -0.0, 0.036748, 0.994608, -0.096981, 0.329779, 0.00313, 0.096932, 0.995286, 0.0, 0.0, 0.0, 0.0, 1.0],
                [1.000001, 1e-06, 0.0, 0.0, -0.0, 0.836202, -0.548426, 0.329779, -1e-06, 0.548425, 0.836199, 0.0, 0.0, 0.0, 0.0, 1.0],
                [1.0, 1e-06, 0.0, -0.0, -0.0, 0.850463, -0.526035, 0.329779, -1e-06, 0.526035, 0.850463, -0.0, 0.0, 0.0, 0.0, 1.0],
                [1.0, 1e-06, 0.0, 0.0, -0.0, 0.715577, -0.698534, 0.329779, -1e-06, 0.698534, 0.715577, 0.0, 0.0, 0.0, 0.0, 1.0],
                [1.000001, 1e-06, 0.0, 0.0, -0.0, 0.859446, -0.511229, 0.329779, -0.0, 0.511228, 0.859445, -0.0, 0.0, 0.0, 0.0, 1.0],
                [1.0, 1e-06, 0.0, 0.0, -0.0, 0.671477, -0.741026, 0.329779, -0.0, 0.741026, 0.671477, 0.0, 0.0, 0.0, 0.0, 1.0],
                [0.99932, -0.036108, 0.007508, 0.0, 0.036748, 0.957581, -0.285814, 0.329779, 0.003131, 0.285895, 0.958256, -0.0, 0.0, 0.0, 0.0, 1.0]
            ]
        },
        {
            "name": "Tool_L",
            "time": [0.0, 0.3, 0.4333, 0.6167, 0.8, 0.95],
            "transform": [
                [1.0, 0.0, 0.0, 0.02, 0.0, -1.0, -0.0, 0.291426, 0.0, -0.0, -1.0, -0.0, 0.0, 0.0, 0.0, 1.0],
                [1.0, 0.0, 0.0, 0.02, -0.0, -0.999999, 0.0, 0.291426, 0.0, -0.0, -1.0, -0.0, 0.0, 0.0, 0.0, 1.0],
                [1.0, -0.0, 0.0, 0.02, -0.0, -1.0, -0.0, 0.291426, 0.0, -0.0, -1.0, -0.0, 0.0, 0.0, 0.0, 1.0],
                [1.0, -0.0, 0.0, 0.02, 0.0, -1.0, -0.0, 0.291426, 0.0, -0.0, -1.0, -0.0, 0.0, 0.0, 0.0, 1.0],
                [1.0, 0.0, 0.0, 0.02, 0.0, -1.0, -0.0, 0.291426, 0.0, 0.0, -0.999999, -0.0, 0.0, 0.0, 0.0, 1.0],
                [1.0, 0.0, 0.0, 0.02, 0.0, -1.0, 0.0, 0.291426, 0.0, 0.0, -1.0, -0.0, 0.0, 0.0, 0.0, 1.0]
            ]
        },
        {
            "name": "Elbow_L",
            "time": [0.0, 0.3, 0.4333, 0.6167, 0.8, 0.95],
            "transform": [
                [-1.0, -0.0, -1e-06, -0.0, 0.0, 0.048523, -0.998822, 0.329779, 0.0, -0.998822, -0.048523, 0.0, 0.0, 0.0, 0.0, 1.0],
                [-1.0, -0.0, -0.0, 0.0, 1e-06, 0.286182, -0.958176, 0.329779, 0.0, -0.958175, -0.286182, -0.0, 0.0, 0.0, 0.0, 1.0],
                [-1.0, -0.0, -0.0, -0.0, 0.0, 0.273438, -0.96189, 0.329779, 0.0, -0.96189, -0.273438, 0.0, 0.0, 0.0, 0.0, 1.0],
                [-1.0, -0.0, -0.0, 0.0, 0.0, 0.265099, -0.964221, 0.329779, 0.0, -0.964221, -0.265099, -0.0, 0.0, 0.0, 0.0, 1.0],
                [-1.0, 0.0, -0.0, 0.0, 0.0, 0.405292, -0.914187, 0.329779, 0.0, -0.914187, -0.405292, 0.0, 0.0, 0.0, 0.0, 1.0],
                [-1.0, -0.0, -0.0, 0.0, 0.0, 0.144464, -0.98951, 0.329779, 0.0, -0.98951, -0.144464, -0.0, 0.0, 0.0, 0.0, 1.0]
            ]
        }
    ]
}