{
    "animation": [
        {
            "name": "Root",
            "time": [0.0, 0.3, 0.4333, 0.5333, 0.6167, 0.8, 0.95, 1.0333],
            "transform": [
                [0.963034, -0.004401, 0.269345, -5e-06, 0.269115, -0.028736, -0.962679, 0.000947, 0.011977, 0.999577, -0.02649, 0.736084, 0.0, 0.0, 0.0, 1.0],
                [0.642052, -0.002716, 0.766656, -5e-06, 0.766033, -0.0382, -0.641665, 0.100946, 0.031029, 0.999266, -0.022446, 0.708139, 0.0, 0.0, 0.0, 1.0],
                [0.6028, 0.0, 0.797892, -5e-06, 0.797098, -0.044596, -0.602201, 0.100946, 0.035583, 0.999005, -0.026882, 0.602354, 0.0, 0.0, 0.0, 1.0],
                [0.982571, 0.078534, -0.168483, -5e-06, -0.183963, 0.280727, -0.941992, 0.682765, -0.026681, 0.956569, 0.290282, 0.614338, 0.0, 0.0, 0.0, 1.0],
                [0.420515, 0.352941, -0.835823, -5e-06, -0.887989, 0.349092, -0.299351, 1.000947, 0.186126, 0.868083, 0.460206, 0.624326, 0.0, 0.0, 0.0, 1.0],
                [0.37868, 0.366613, -0.849821, -5e-06, -0.903694, 0.344726, -0.253971, 1.000947, 0.199846, 0.864152, 0.461847, 0.6346, 0.0, 0.0, 0.0, 1.0],
                [0.60163, 0.19038, -0.775755, -5e-06, -0.794784, 0.239629, -0.55758, 1.000947, 0.079741, 0.952016, 0.295479, 0.730174, 0.0, 0.0, 0.0, 1.0],
                [0.878718, 0.072817, -0.471754, -5e-06, -0.470633, 0.297261, -0.830747, 1.122071, 0.079741, 0.952016, 0.295479, 0.730174, 0.0, 0.0, 0.0, 1.0]
            ]
        },
        {
            "name": "Thigh_R",
            "time": [0.0, 0.3, 0.4333, 0.5333, 0.6167, 0.8, 0.95, 1.0333],
            "transform": [
                [0.994893, 0.098947, -0.019916, 0.124994, 0.098947, -0.917222, 0.385888, -0.002831, 0.019915, -0.385888, -0.92233, -1.2e-05, 0.0, 0.0, 0.0, 1.0],
                [0.970071, 0.239858, -0.037803, 0.124994, 0.239858, -0.922323, 0.30296, -0.00283, 0.037801, -0.30296, -0.952253, -1.2e-05, 0.0, 0.0, 0.0, 1.0],
                [0.917452, 0.380088, -0.117529, 0.124994, 0.380089, -0.750116, 0.541163, -0.002831, 0.11753, -0.541163, -0.832663, -1.2e-05, 0.0, 0.0, 0.0, 1.0],
                [0.987033, 0.151404, -0.053302, 0.124994, 0.151404, -0.767917, 0.622397, -0.00283, 0.053302, -0.622397, -0.780884, -1.2e-05, 0.0, 0.0, 0.0, 1.0],
                [0.942965, 0.303866, -0.135949, 0.124994, 0.322445, -0.732233, 0.599884, -0.00283, 0.082738, -0.609506, -0.788451, -1.2e-05, 0.0, 0.0, 0.0, 1.0],
                [0.961916, 0.248788, -0.113231, 0.124994, 0.248788, -0.625253, 0.739703, -0.002831, 0.113231, -0.739703, -0.663337, -1.2e-05, 0.0, 0.0, 0.0, 1.0],
                [0.977631, 0.205714, -0.043804, 0.124994, 0.205714, -0.891851, 0.402841, -0.002831, 0.043803, -0.402841, -0.914221, -1.2e-05, 0.0, 0.0, 0.0, 1.0],
                [0.977631, 0.205714, -0.043804, 0.124994, 0.205714, -0.891851, 0.402841, -0.00283, 0.043803, -0.402841, -0.914221, -1.2e-05, 0.0, 0.0, 0.0, 1.0]
            ]
        },
        {
            "name": "Leg_R",
            "time": [0.0, 0.3, 0.4333, 0.5333, 0.6167, 0.8, 0.95, 1.0333],
            "transform": [
                [0.999962, -0.008066, -0.003321, -0.0, 0.008723, 0.924558, 0.380947, 0.37472, -3e-06, -0.380961, 0.924592, -0.0, 0.0, 0.0, 0.0, 1.0],
                [0.999963, -0.007553, -0.004363, 0.0, 0.008723, 0.865708, 0.500477, 0.37472, -2e-06, -0.500494, 0.86574, 0.0, 0.0, 0.0, 0.0, 1.0],
                [0.999963, -0.00575, -0.006559, 0.0, 0.008723, 0.658915, 0.752169, 0.37472, -3e-06, -0.752197, 0.65894, 0.0, 0.0, 0.0, 0.0, 1.0],
                [0.999963, -0.003407, -0.00803, 0.0, 0.008723, 0.390278, 0.920656, 0.37472, -2e-06, -0.920691, 0.390293, 0.0, 0.0, 0.0, 0.0, 1.0],
                [0.999957, -0.007175, -0.005788, 0.0, 0.008723, 0.939557, 0.342285, 0.37472, 0.002982, -0.342322, 0.939578, 0.0, 0.0, 0.0, 0.0, 1.0],
                [0.999962, -0.00696, -0.005258, 0.0, 0.008723, 0.797686, 0.603013, 0.37472, -3e-06, -0.603036, 0.797716, -0.0, 0.0, 0.0, 0.0, 1.0],
                [0.999963, -0.008568, -0.001634, -0.0, 0.008723, 0.982204, 0.187625, 0.37472, -3e-06, -0.187632, 0.98224, -0.0, 0.0, 0.0, 0.0, 1.0],
                [0.999963, -0.008568, -0.001634, 0.0, 0.008723, 0.982204, 0.187625, 0.37472, -3e-06, -0.187632, 0.98224, 0.0, 0.0, 0.0, 0.0, 1.0]
            ]
        },
        {
            "name": "Knee_R",
            "time": [0.0, 0.3, 0.4333, 0.6167, 0.8, 0.95, 1.0333],
            "transform": [
                [0.99999, -0.004195, -0.00127, 0.0, -0.000432, 0.194178, -0.980967, 0.37472, 0.004362, 0.980957, 0.194174, -0.0, 0.0, 0.0, 0.0, 1.0],
                [0.99999, -0.004062, -0.001689, 0.0, -0.000579, 0.259096, -0.965851, 0.37472, 0.004361, 0.965843, 0.259091, 0.0, 0.0, 0.0, 0.0, 1.0],
                [0.99999, -0.003581, -0.002664, 0.0, -0.000947, 0.412955, -0.910751, 0.37472, 0.004362, 0.910745, 0.412947, 0.0, 0.0, 0.0, 0.0, 1.0],
                [0.999989, -0.00384, -0.002585, 0.0, -0.001879, 0.173805, -0.984778, 0.37472, 0.004231, 0.984773, 0.173795, -0.0, 0.0, 0.0, 0.0, 1.0],
                [0.999991, -0.003907, -0.002066, -0.0, -0.000717, 0.318031, -0.94808, 0.37472, 0.004361, 0.948073, 0.318025, 0.0, 0.0, 0.0, 0.0, 1.0],
                [0.999991, -0.004322, -0.00062, 0.0, -0.00021, 0.094237, -0.99555, 0.37472, 0.004361, 0.99554, 0.094235, -0.0, 0.0, 0.0, 0.0, 1.0],
                [0.999991, -0.004322, -0.00062, 0.0, -0.00021, 0.094237, -0.99555, 0.37472, 0.004361, 0.99554, 0.094235, -0.0, 0.0, 0.0, 0.0, 1.0]
            ]
        },
        {
            "name": "Thigh_L",
            "time": [0.0, 0.3, 0.4333, 0.5333, 0.6167, 0.8, 0.95, 1.0333],
            "transform": [
                [0.990804, -0.135179, 0.005742, -0.125006, -0.135179, -0.987217, 0.084419, -0.002831, -0.005743, -0.084419, -0.996414, -1.2e-05, 0.0, 0.0, 0.0, 1.0],
                [0.933131, -0.358469, 0.027631, -0.125006, -0.358469, -0.921713, 0.148132, -0.002831, -0.027633, -0.148132, -0.988581, -1.2e-05, 0.0, 0.0, 0.0, 1.0],
                [0.912963, -0.401612, 0.072151, -0.125006, -0.401612, -0.853151, 0.332927, -0.002831, -0.072152, -0.332926, -0.940189, -1.2e-05, 0.0, 0.0, 0.0, 1.0],
                [0.998564, 0.053443, 0.003523, -0.125006, 0.053443, -0.989917, -0.131175, -0.002831, -0.003523, 0.131175, -0.991353, -1.2e-05, 0.0, 0.0, 0.0, 1.0],
                [0.985524, 0.155517, -0.0675, -0.125006, 0.155516, -0.670767, 0.72518, -0.00283, 0.067501, -0.72518, -0.685242, -1.2e-05, 0.0, 0.0, 0.0, 1.0],
                [0.92722, -0.337145, 0.163078, -0.125006, -0.337144, -0.561804, 0.755453, -0.00283, -0.163079, -0.755453, -0.634583, -1.2e-05, 0.0, 0.0, 0.0, 1.0],
                [0.968772, -0.237657, 0.070709, -0.125006, -0.237657, -0.808667, 0.538123, -0.00283, -0.070709, -0.538122, -0.839895, -1.2e-05, 0.0, 0.0, 0.0, 1.0],
                [0.968772, -0.237657, 0.070709, -0.125006, -0.237657, -0.808667, 0.538123, -0.00283, -0.070709, -0.538122, -0.839895, -1.2e-05, 0.0, 0.0, 0.0, 1.0]
            ]
        },
        {
            "name": "Leg_L",
            "time": [0.0, 0.3, 0.4333, 0.5333, 0.6167, 0.8, 0.95, 1.0333],
            "transform": [
                [1.0, 0.0, 2e-06, -0.0, -1e-06, 0.844349, 0.535795, 0.37472, -1e-06, -0.535793, 0.844349, 0.0, 0.0, 0.0, 0.0, 1.0],
                [1.000001, 0.0, 2e-06, 0.0, -1e-06, 0.833207, 0.552963, 0.37472, -1e-06, -0.552961, 0.833207, 0.0, 0.0, 0.0, 0.0, 1.0],
                [1.0, -0.0, 2e-06, 0.0, -1e-06, 0.582629, 0.81274, 0.37472, -1e-06, -0.812738, 0.582629, -0.0, 0.0, 0.0, 0.0, 1.0],
                [1.000001, 0.0, 2e-06, -0.0, -1e-06, 0.83018, 0.557496, 0.37472, -1e-06, -0.557495, 0.83018, 0.0, 0.0, 0.0, 0.0, 1.0],
                [1.000001, -1e-06, 1e-06, -0.0, -1e-06, 0.173216, 0.984884, 0.37472, -1e-06, -0.984883, 0.173216, 0.0, 0.0, 0.0, 0.0, 1.0],
                [1.000001, -0.0, 2e-06, 0.0, -1e-06, 0.396374, 0.91809, 0.37472, -1e-06, -0.918089, 0.396374, -0.0, 0.0, 0.0, 0.0, 1.0],
                [1.000001, 0.0, 2e-06, -0.0, -1e-06, 0.793874, 0.608083, 0.37472, -1e-06, -0.608081, 0.793875, -0.0, 0.0, 0.0, 0.0, 1.0],
                [1.000001, 0.0, 2e-06, 0.0, -1e-06, 0.793874, 0.608083, 0.37472, -1e-06, -0.608081, 0.793875, -0.0, 0.0, 0.0, 0.0, 1.0]
            ]
        },
        {
            "name": "Knee_L",
            "time": [0.0, 0.3, 0.4333, 0.6167, 0.8, 0.95, 1.0333],
            "transform": [
                [1.0, 0.0, -1e-06, 0.0, -1e-06, 0.278974, -0.960299, 0.37472, -0.0, 0.960298, 0.278974, 0.0, 0.0, 0.0, 0.0, 1.0],
                [1.0, 1e-06, -1e-06, 0.0, -1e-06, 0.288786, -0.957394, 0.37472, -1e-06, 0.957394, 0.288786, 0.0, 0.0, 0.0, 0.0, 1.0],
                [1.0, 1e-06, -1e-06, 0.0, -1e-06, 0.456823, -0.889558, 0.37472, -0.0, 0.889558, 0.456822, 0.0, 0.0, 0.0, 0.0, 1.0],
                [1.0, 1e-06, -1e-06, 0.0, -1e-06, 0.642957, -0.765902, 0.37472, -1e-06, 0.765903, 0.642956, -0.0, 0.0, 0.0, 0.0, 1.0],
                [1.0, 1e-06, -1e-06, 0.0, -1e-06, 0.549376, -0.835575, 0.37472, -0.0, 0.835575, 0.549376, 0.0, 0.0, 0.0, 0.0, 1.0],
                [1.0, 1e-06, -1e-06, 0.0, -1e-06, 0.321035, -0.947068, 0.37472, -0.0, 0.947068, 0.321035, -0.0, 0.0, 0.0, 0.0, 1.0],
                [1.0, 1e-06, -1e-06, -0.0, -1e-06, 0.321035, -0.947067, 0.37472, -0.0, 0.947067, 0.321035, -0.0, 0.0, 0.0, 0.0, 1.0]
            ]
        },
        {
            "name": "Torso",
            "time": [0.0, 0.3, 0.4333, 0.5333, 0.6167, 0.8, 0.95, 1.0333],
            "transform": [
                [1.0, 0.0, -0.0, -0.0, -0.0, 1.0, -0.0, 0.05, 0.0, 0.0, 1.0, 0.0, 0.0, 0.0, 0.0, 1.0],
                [0.998535, -0.054068, 0.002244, -0.0, 0.054114, 0.997676, -0.041414, 0.05, 0.0, 0.041474, 0.99914, -0.0, 0.0, 0.0, 0.0, 1.0],
                [0.979524, -0.199042, 0.030228, 0.0, 0.201324, 0.96842, -0.147074, 0.05, 1e-06, 0.150148, 0.988663, -0.0, 0.0, 0.0, 0.0, 1.0],
                [0.981266, -0.192427, 0.009392, 0.0, 0.192656, 0.9801, -0.047841, 0.05, 1e-06, 0.048754, 0.998811, -0.0, 0.0, 0.0, 0.0, 1.0],
                [0.999999, -0.001678, 3e-06, -0.0, 0.001678, 0.999996, -0.002211, 0.05, 0.0, 0.002211, 0.999998, -0.0, 0.0, 0.0, 0.0, 1.0],
                [1.0, 0.0, -1e-06, -0.0, -0.0, 1.0, -0.0, 0.05, 0.0, 0.0, 1.0, -0.0, 0.0, 0.0, 0.0, 1.0],
                [0.999963, -0.008587, -8.7e-05, 0.0, 0.008587, 0.999912, 0.010101, 0.05, 0.0, -0.010101, 0.999949, 0.0, 0.0, 0.0, 0.0, 1.0],
                [0.999992, -0.003996, -4.5e-05, 0.0, 0.003997, 0.999931, 0.011095, 0.05, 0.0, -0.011095, 0.999939, 0.0, 0.0, 0.0, 0.0, 1.0]
            ]
        },
        {
            "name": "Chest",
            "time": [0.0, 0.3, 0.4333, 0.5333, 0.6167, 0.8, 0.95, 1.0333],
            "transform": [
                [1.0, -0.000225, -1.8e-05, 0.0, 0.000204, 0.868583, 0.495544, 0.35, -9.6e-05, -0.495544, 0.868583, 0.0, 0.0, 0.0, 0.0, 1.0],
                [0.870297, -0.275805, 0.408062, -0.0, 0.276433, 0.959234, 0.058773, 0.35, -0.407637, 0.061652, 0.91106, -0.0, 0.0, 0.0, 0.0, 1.0],
                [0.795899, -0.524229, 0.302868, -0.0, 0.582742, 0.79899, -0.148414, 0.35, -0.164185, 0.294617, 0.941406, 0.0, 0.0, 0.0, 0.0, 1.0],
                [0.99562, -0.08853, 0.030045, 0.0, 0.082538, 0.983294, 0.162235, 0.35, -0.043906, -0.159045, 0.986295, 0.0, 0.0, 0.0, 0.0, 1.0],
                [0.998997, 0.002144, -0.044728, 0.0, 0.015141, 0.923849, 0.382458, 0.35, 0.042142, -0.382752, 0.92289, -0.0, 0.0, 0.0, 0.0, 1.0],
                [0.851399, 0.003777, -0.524505, -0.0, 0.203376, 0.919368, 0.336749, 0.35, 0.483485, -0.39338, 0.781981, -0.0, 0.0, 0.0, 0.0, 1.0],
                [0.581762, -0.008914, -0.81331, -0.0, 0.203758, 0.969652, 0.135121, 0.35, 0.787423, -0.244327, 0.565923, -0.0, 0.0, 0.0, 0.0, 1.0],
                [0.871683, -0.008914, -0.489989, 0.0, 0.127262, 0.969652, 0.208757, 0.35, 0.473258, -0.244327, 0.846363, -0.0, 0.0, 0.0, 0.0, 1.0]
            ]
        },
        {
            "name": "Head",
            "time": [0.0, 0.3, 0.4333, 0.6167, 0.8, 0.95, 1.0333],
            "transform": [
                [0.963007, 0.04547, -0.265612, -0.0, -0.137512, 0.930589, -0.339255, 0.35, 0.23175, 0.36323, 0.902417, -0.0, 0.0, 0.0, 0.0, 1.0],
                [0.243392, 0.482906, -0.841167, 0.0, -0.134858, 0.875672, 0.463694, 0.35, 0.960507, 0.000579, 0.278255, 0.0, 0.0, 0.0, 0.0, 1.0],
                [0.337331, 0.834002, -0.436633, -0.0, -0.071904, 0.485291, 0.871391, 0.35, 0.938636, -0.262551, 0.223672, 0.0, 0.0, 0.0, 0.0, 1.0],
                [0.390733, 0.107327, 0.914225, -0.0, 0.644816, 0.676868, -0.355052, 0.35, -0.656917, 0.728238, 0.195269, 0.0, 0.0, 0.0, 0.0, 1.0],
                [-0.013908, 0.462862, 0.886321, 0.0, 0.672785, 0.660078, -0.334153, 0.35, -0.739707, 0.591656, -0.320587, 0.0, 0.0, 0.0, 0.0, 1.0],
                [-0.219068, 0.375831, 0.900422, 0.0, 0.370868, 0.885648, -0.279435, 0.35, -0.902478, 0.272723, -0.333401, -0.0, 0.0, 0.0, 0.0, 1.0],
                [0.552812, 0.241301, 0.797604, 0.0, 0.179504, 0.900203, -0.396754, 0.35, -0.813743, 0.362503, 0.454329, 0.0, 0.0, 0.0, 0.0, 1.0]
            ]
        },
        {
            "name": "Shoulder_R",
            "time": [0.0, 0.3, 0.4333, 0.6167, 0.8, 0.95, 1.0333],
            "transform": [
                [0.089624, 0.962961, 0.254312, -0.0, 0.000731, -0.255403, 0.966834, 0.35, 0.995976, -0.086466, -0.023595, -0.0, 0.0, 0.0, 0.0, 1.0],
                [0.485952, 0.845502, 0.221306, 0.0, -0.118116, -0.187357, 0.975165, 0.35, 0.865967, -0.500023, 0.00882, 0.0, 0.0, 0.0, 0.0, 1.0],
                [0.375398, 0.914826, 0.148892, -0.0, -0.077408, -0.129135, 0.988601, 0.35, 0.923626, -0.382645, 0.022338, 0.0, 0.0, 0.0, 0.0, 1.0],
                [0.097554, 0.958161, 0.269092, -0.0, -0.026693, -0.267765, 0.963114, 0.35, 0.994873, -0.101139, -0.000545, 0.0, 0.0, 0.0, 0.0, 1.0],
                [0.080923, 0.960726, 0.265437, 0.0, -0.021978, -0.264526, 0.964128, 0.35, 0.996478, -0.083854, -0.000292, 0.0, 0.0, 0.0, 0.0, 1.0],
                [0.089625, 0.962961, 0.254312, 0.0, 0.000734, -0.255403, 0.966834, 0.35, 0.995976, -0.086466, -0.023597, -0.0, 0.0, 0.0, 0.0, 1.0],
                [0.089625, 0.962961, 0.254312, 0.0, 0.000734, -0.255403, 0.966834, 0.35, 0.995976, -0.086466, -0.023597, 0.0, 0.0, 0.0, 0.0, 1.0]
            ]
        },
        {
            "name": "Arm_R",
            "time": [0.0, 0.3, 0.4333, 0.5333, 0.6167, 0.8, 0.95, 1.0333],
            "transform": [
                [-0.235628, -0.831387, -0.503264, -0.0, 0.090878, 0.496726, -0.863136, 0.388213, 0.967585, -0.249114, -0.041487, -0.0, 0.0, 0.0, 0.0, 1.0],
                [-0.490933, -0.428364, -0.75861, 0.0, -0.296878, 0.900907, -0.31659, 0.388213, 0.819053, 0.06979, -0.569457, -0.0, 0.0, 0.0, 0.0, 1.0],
                [0.21961, -0.875431, -0.430571, -0.0, 0.490534, 0.480584, -0.726922, 0.388213, 0.843295, -0.05157, 0.534971, 0.0, 0.0, 0.0, 0.0, 1.0],
                [0.4573, -0.881568, -0.117104, -0.0, 0.309061, 0.281013, -0.908577, 0.388213, 0.833881, 0.379301, 0.400966, -0.0, 0.0, 0.0, 0.0, 1.0],
                [0.429315, -0.890667, -0.149668, -0.0, 0.174232, 0.244281, -0.953924, 0.388213, 0.886189, 0.383457, 0.260057, -0.0, 0.0, 0.0, 0.0, 1.0],
                [0.266839, -0.264414, -0.926758, -0.0, 0.109505, 0.963717, -0.24343, 0.388213, 0.9575, -0.036528, 0.286112, 0.0, 0.0, 0.0, 0.0, 1.0],
                [-0.426587, -0.440131, -0.790132, -0.0, 0.393887, 0.696006, -0.600357, 0.388213, 0.814172, -0.567327, -0.123545, 0.0, 0.0, 0.0, 0.0, 1.0],
                [0.131091, 0.097392, -0.986575, -0.0, 0.929526, 0.333913, 0.156473, 0.388213, 0.344669, -0.937559, -0.046755, -0.0, 0.0, 0.0, 0.0, 1.0]
            ]
        },
        {
            "name": "Hand_R",
            "time": [0.0, 0.3, 0.4333, 0.6167, 0.8, 0.95, 1.0333],
            "transform": [
                [0.999985, 0.001326, 0.005391, -0.0, -0.000648, 0.992315, -0.123735, 0.329779, -0.005514, 0.12373, 0.992301, -0.0, 0.0, 0.0, 0.0, 1.0],
                [0.999985, 0.004075, 0.00377, -0.0, -0.000648, 0.76012, -0.649782, 0.329779, -0.005514, 0.64977, 0.760111, 0.0, 0.0, 0.0, 0.0, 1.0],
                [1.0, 1e-06, -0.0, -0.0, -1e-06, 0.939512, -0.342514, 0.329779, -0.0, 0.342514, 0.939513, -0.0, 0.0, 0.0, 0.0, 1.0],
                [1.000001, 0.0, 0.0, 0.0, -0.0, 0.999867, -0.016293, 0.329779, -0.0, 0.016293, 0.999867, -0.0, 0.0, 0.0, 0.0, 1.0],
                [1.0, 0.0, 0.0, -0.0, -0.0, 0.949249, -0.314527, 0.329779, -0.0, 0.314527, 0.949249, 0.0, 0.0, 0.0, 0.0, 1.0],
                [0.999997, 0.001695, 0.00189, -0.0, -0.000381, 0.836307, -0.548262, 0.329779, -0.002509, 0.548259, 0.836305, -0.0, 0.0, 0.0, 0.0, 1.0],
                [0.999997, 0.001695, 0.00189, 0.0, -0.000381, 0.836307, -0.548262, 0.329779, -0.00251, 0.548259, 0.836305, -0.0, 0.0, 0.0, 0.0, 1.0]
            ]
        },
        {
            "name": "Tool_R",
            "time": [0.0, 0.3, 0.4333, 0.6167, 0.8, 0.95, 1.0333],
            "transform": [
                [1.0, 0.0, 0.0, -0.02, -0.0, -1.0, -0.0, 0.291425, 0.0, 0.0, -1.0, 0.0, 0.0, 0.0, 0.0, 1.0],
                [1.0, 0.0, -0.0, -0.02, -0.0, -0.766044, -0.642788, 0.291425, -0.0, 0.642788, -0.766045, -0.0, 0.0, 0.0, 0.0, 1.0],
                [1.0, -0.0, 0.0, -0.02, -0.0, -0.972795, 0.231666, 0.291426, 0.0, -0.231666, -0.972796, 0.0, 0.0, 0.0, 0.0, 1.0],
                [0.999236, -0.032368, -0.021889, -0.02, -0.03883, -0.759992, -0.648772, 0.291425, 0.004365, 0.649126, -0.760668, 0.0, 0.0, 0.0, 0.0, 1.0],
                [0.999197, -0.039682, -0.005492, -0.02, -0.039766, -0.965909, -0.255809, 0.291426, 0.004846, 0.255822, -0.966712, 0.0, 0.0, 0.0, 0.0, 1.0],
                [0.999711, -0.021589, -0.010584, -0.02, -0.024035, -0.909149, -0.415779, 0.291425, -0.000646, 0.415912, -0.909405, 0.0, 0.0, 0.0, 0.0, 1.0],
                [0.999711, -0.021589, -0.010584, -0.02, -0.024035, -0.909149, -0.415779, 0.291425, -0.000646, 0.415913, -0.909405, 0.0, 0.0, 0.0, 0.0, 1.0]
            ]
        },
        {
            "name": "Elbow_R",
            "time": [0.0, 0.3, 0.4333, 0.6167, 0.8, 0.95, 1.0333],
            "transform": [
                [-1.0, 0.0, -0.0, 0.0, 0.0, 0.061985, -0.998077, 0.329779, -0.0, -0.998077, -0.061985, -0.0, 0.0, 0.0, 0.0, 1.0],
                [-1.0, 0.0, -0.0, 0.0, 0.0, 0.346322, -0.938116, 0.329779, -0.0, -0.938116, -0.346322, -0.0, 0.0, 0.0, 0.0, 1.0],
                [-1.0, 0.0, -0.0, -0.0, 0.0, 0.173907, -0.984761, 0.329779, -0.0, -0.984762, -0.173907, -0.0, 0.0, 0.0, 0.0, 1.0],
                [-0.999977, -1e-06, 1.4e-05, 0.0, 1.5e-05, 0.008147, -0.999958, 0.329779, 0.0, -0.999934, -0.008145, -0.0, 0.0, 0.0, 0.0, 1.0],
                [-1.0, -0.0, -0.0, -0.0, 1e-06, 0.159297, -0.987231, 0.329779, 0.0, -0.987231, -0.159298, 0.0, 0.0, 0.0, 0.0, 1.0],
                [-1.0, 0.0, -1e-06, 0.0, 1e-06, 0.286088, -0.958203, 0.329779, -0.0, -0.958203, -0.286088, -0.0, 0.0, 0.0, 0.0, 1.0],
                [-1.0, 0.0, -0.0, -0.0, 1e-06, 0.286088, -0.958203, 0.329779, 0.0, -0.958203, -0.286088, 0.0, 0.0, 0.0, 0.0, 1.0]
            ]
        },
        {
            "name": "Shoulder_L",
            "time": [0.0, 0.3, 0.4333, 0.6167, 0.8, 0.95, 1.0333],
            "transform": [
                [0.016841, -0.968581, -0.248126, -0.0, -0.017794, -0.248412, 0.968491, 0.35, -0.9997, -0.011895, -0.021419, -0.0, 0.0, 0.0, 0.0, 1.0],
                [-0.251505, -0.942484, -0.220155, 0.0, -0.048401, -0.214934, 0.975428, 0.35, -0.966645, 0.255981, 0.00844, 0.0, 0.0, 0.0, 0.0, 1.0],
                [-0.306728, -0.927606, -0.213224, -0.0, -0.053625, -0.206825, 0.976907, 0.35, -0.950286, 0.311079, 0.013696, 0.0, 0.0, 0.0, 0.0, 1.0],
                [-0.243688, -0.944214, -0.221532, -0.0, -0.060205, -0.21325, 0.975141, 0.35, -0.967983, 0.250967, -0.00488, 0.0, 0.0, 0.0, 0.0, 1.0],
                [-0.329135, -0.92057, -0.210287, 0.0, -0.055632, -0.203405, 0.977513, 0.35, -0.942643, 0.333432, 0.015734, 0.0, 0.0, 0.0, 0.0, 1.0],
                [-0.161149, -0.959613, -0.230596, 0.0, -0.039032, -0.22727, 0.973049, 0.35, -0.986158, 0.165806, -0.000832, -0.0, 0.0, 0.0, 0.0, 1.0],
                [-0.161149, -0.959613, -0.230596, 0.0, -0.039032, -0.22727, 0.973049, 0.35, -0.986158, 0.165807, -0.000832, 0.0, 0.0, 0.0, 0.0, 1.0]
            ]
        },
        {
            "name": "Arm_L",
            "time": [0.0, 0.3, 0.4333, 0.6167, 0.8, 0.95, 1.0333],
            "transform": [
                [0.089511, 0.649351, 0.755203, 0.0, -0.872186, 0.417226, -0.25537, 0.388212, -0.480915, -0.635819, 0.603702, 0.0, 0.0, 0.0, 0.0, 1.0],
                [-0.732857, 0.680358, 0.005905, 0.0, 0.293068, 0.32349, -0.899703, 0.388212, -0.61403, -0.657623, -0.436463, -0.0, 0.0, 0.0, 0.0, 1.0],
                [-0.765703, 0.551809, 0.330463, -0.0, 0.545168, 0.829431, -0.121803, 0.388212, -0.341308, 0.086893, -0.935927, 0.0, 0.0, 0.0, 0.0, 1.0],
                [0.056065, 0.694989, 0.716831, 0.0, -0.885855, 0.365813, -0.285382, 0.388212, -0.460564, -0.619008, 0.636169, -0.0, 0.0, 0.0, 0.0, 1.0],
                [0.1337, 0.738505, 0.660858, 0.0, -0.639358, 0.573785, -0.511853, 0.388212, -0.757197, -0.354089, 0.548885, -0.0, 0.0, 0.0, 0.0, 1.0],
                [-0.038836, 0.293601, 0.955139, -0.0, -0.768511, 0.602152, -0.216344, 0.388212, -0.638658, -0.742436, 0.20225, -0.0, 0.0, 0.0, 0.0, 1.0],
                [-0.07631, 0.021814, 0.996845, 0.0, -0.74788, 0.659952, -0.071693, 0.388212, -0.659434, -0.750991, -0.034047, -0.0, 0.0, 0.0, 0.0, 1.0]
            ]
        },
        {
            "name": "Hand_L",
            "time": [0.0, 0.3, 0.4333, 0.6167, 0.8, 0.95, 1.0333],
            "transform": [
                [0.99932, -0.036878, 0.000449, -0.0, 0.036748, 0.994608, -0.096982, 0.329779, 0.00313, 0.096932, 0.995286, 0.0, 0.0, 0.0, 0.0, 1.0],
                [0.99932, -0.036878, 0.000448, 0.0, 0.036748, 0.994608, -0.09698, 0.329779, 0.00313, 0.096931, 0.995286, -0.0, 0.0, 0.0, 0.0, 1.0],
                [0.99932, -0.036878, 0.000449, 0.0, 0.036748, 0.994608, -0.09698, 0.329779, 0.00313, 0.096931, 0.995286, 0.0, 0.0, 0.0, 0.0, 1.0],
                [1.0, 1e-06, 0.0, -0.0, -0.0, 0.813452, -0.581633, 0.329779, -0.0, 0.581633, 0.813452, -0.0, 0.0, 0.0, 0.0, 1.0],
                [0.999319, -0.031713, 0.018827, 0.0, 0.036748, 0.812866, -0.581291, 0.329779, 0.00313, 0.581588, 0.813478, 0.0, 0.0, 0.0, 0.0, 1.0],
                [0.999319, -0.031647, 0.018938, 0.0, 0.036748, 0.810829, -0.584129, 0.329779, 0.00313, 0.584427, 0.81144, 0.0, 0.0, 0.0, 0.0, 1.0],
                [0.999319, -0.031647, 0.018938, -0.0, 0.036748, 0.810829, -0.584129, 0.329779, 0.00313, 0.584427, 0.811441, -0.0, 0.0, 0.0, 0.0, 1.0]
            ]
        },
        {
            "name": "Tool_L",
            "time": [0.0, 0.3, 0.4333, 0.6167, 0.8, 0.95, 1.0333],
            "transform": [
                [1.0, 0.0, 0.0, 0.02, 0.0, -0.999999, 0.0, 0.291426, 0.0, 0.0, -1.0, -0.0, 0.0, 0.0, 0.0, 1.0],
                [1.0, 0.0, 0.0, 0.02, 0.0, -0.999999, -0.0, 0.291426, 0.0, 0.0, -1.0, -1e-06, 0.0, 0.0, 0.0, 1.0],
                [1.0, 0.0, 0.0, 0.02, 0.0, -1.0, 0.0, 0.291426, 0.0, -0.0, -1.0, -0.0, 0.0, 0.0, 0.0, 1.0],
                [1.0, -0.0, 0.0, 0.02, 0.0, -0.999999, -0.0, 0.291426, 0.0, -0.0, -1.0, -0.0, 0.0, 0.0, 0.0, 1.0],
                [1.0, 0.0, 0.0, 0.02, 0.0, -1.0, 0.0, 0.291426, 0.0, -0.0, -0.999999, -0.0, 0.0, 0.0, 0.0, 1.0],
                [1.0, -0.0, 0.0, 0.02, -0.0, -1.0, 0.0, 0.291426, 0.0, -0.0, -1.0, -0.0, 0.0, 0.0, 0.0, 1.0],
                [1.0, -0.0, 0.0, 0.02, -0.0, -1.0, -0.0, 0.291426, 0.0, -0.0, -1.0, -0.0, 0.0, 0.0, 0.0, 1.0]
            ]
        },
        {
            "name": "Elbow_L",
            "time": [0.0, 0.3, 0.4333, 0.6167, 0.8, 0.95, 1.0333],
            "transform": [
                [-1.0, -0.0, -0.0, -0.0, 0.0, 0.048523, -0.998822, 0.329779, 0.0, -0.998822, -0.048523, -0.0, 0.0, 0.0, 0.0, 1.0],
                [-1.0, -0.0, -0.0, 0.0, 0.0, 0.048522, -0.998822, 0.329779, 0.0, -0.998822, -0.048522, -0.0, 0.0, 0.0, 0.0, 1.0],
                [-1.0, -0.0, -0.0, 0.0, 0.0, 0.048523, -0.998822, 0.329779, 0.0, -0.998822, -0.048523, -0.0, 0.0, 0.0, 0.0, 1.0],
                [-1.0, 0.0, -0.0, -0.0, 0.0, 0.305408, -0.952221, 0.329779, 0.0, -0.952222, -0.305408, -0.0, 0.0, 0.0, 0.0, 1.0],
                [-1.0, 0.0, -0.0, 0.0, 0.0, 0.305383, -0.952229, 0.329779, -0.0, -0.952229, -0.305383, -0.0, 0.0, 0.0, 0.0, 1.0],
                [-1.0, 0.0, -0.0, 0.0, 0.0, 0.307047, -0.951694, 0.329779, 0.0, -0.951695, -0.307047, -0.0, 0.0, 0.0, 0.0, 1.0],
                [-1.0, -0.0, -0.0, -0.0, 0.0, 0.307047, -0.951694, 0.329779, 0.0, -0.951694, -0.307047, -0.0, 0.0, 0.0, 0.0, 1.0]
            ]
        }
    ]
}