{
    "animation": [
        {
            "name": "Root",
            "time": [0.0, 0.0167, 0.0333, 0.05, 0.0667, 0.0833, 0.1, 0.1167, 0.1333, 0.15, 0.1667, 0.1833, 0.2, 0.2167, 0.2333, 0.25, 0.2667, 0.2833, 0.3, 0.3167, 0.3333, 0.35, 0.3667, 0.3833, 0.4, 0.4167, 0.4333, 0.45, 0.4667, 0.4833, 0.5, 0.5167, 0.5333, 0.55, 0.5667, 0.5833, 0.6, 0.6167, 0.6333, 0.65, 0.6667, 0.6833, 0.7, 0.7167, 0.7333, 0.75, 0.7667, 0.7833, 0.8, 0.8167, 0.8333, 0.85, 0.8667, 0.8833, 0.9, 0.9167, 0.9333, 0.95, 0.9667, 0.9833, 1.0, 1.0167, 1.0333, 1.05, 1.0667, 1.0833, 1.1, 1.1167, 1.1333, 1.15, 1.1667, 1.1833, 1.2, 1.2167, 1.2333, 1.25, 1.2667, 1.2833, 1.3, 1.3167, 1.3333, 1.35, 1.3667, 1.3833, 1.4, 1.4167, 1.4333, 1.45, 1.4667, 1.4833, 1.5, 1.5167, 1.5333, 1.55, 1.5667, 1.5833, 1.6, 1.6167, 1.6333, 1.65, 1.6667, 1.6833, 1.7, 1.7167, 1.7333, 1.75, 1.7667, 1.7833, 1.8, 1.8167, 1.8333, 1.85, 1.8667, 1.8833, 1.9, 1.9167, 1.9333, 1.95, 1.9667, 1.9833, 2.0, 2.0167, 2.0333, 2.05, 2.0667, 2.0833, 2.1, 2.1167, 2.1333, 2.15, 2.1667, 2.1833, 2.2, 2.2167, 2.2333, 2.25, 2.2667, 2.2833, 2.3, 2.3167, 2.3333, 2.35, 2.3667, 2.3833, 2.4, 2.4167, 2.4333, 2.45, 2.4667, 2.4833, 2.5, 2.5167, 2.5333, 2.55, 2.5667, 2.5833, 2.6, 2.6167, 2.6333, 2.65, 2.6667, 2.6833, 2.7, 2.7167, 2.7333, 2.75, 2.7667, 2.7833, 2.8, 2.8167, 2.8333, 2.85, 2.8667, 2.8833, 2.9, 2.9167, 2.9333, 2.95, 2.9667, 2.9833, 3.0, 3.0167, 3.0333, 3.05, 3.0667, 3.0833, 3.1, 3.1167, 3.1333, 3.15, 3.1667, 3.1833, 3.2, 3.2167, 3.2333, 3.25, 3.2667, 3.2833, 3.3, 3.3167, 3.3333],
            "transform": [
                [0.875095, 0.0, -0.483952, -0.066109, -0.483952, 0.0, -0.875095, -0.02234, 0.0, 1.0, 0.0, 0.613551, 0.0, 0.0, 0.0, 1.0],
                [0.875095, 0.0, -0.483952, -0.066109, -0.483952, 0.0, -0.875095, -0.02234, 0.0, 1.0, 0.0, 0.613558, 0.0, 0.0, 0.0, 1.0],
                [0.875095, 0.0, -0.483952, -0.066109, -0.483952, 0.0, -0.875095, -0.02234, 0.0, 1.0, 0.0, 0.613576, 0.0, 0.0, 0.0, 1.0],
                [0.875095, 0.0, -0.483952, -0.066109, -0.483952, 0.0, -0.875095, -0.02234, 0.0, 1.0, 0.0, 0.613607, 0.0, 0.0, 0.0, 1.0],
                [0.875095, 0.0, -0.483952, -0.066109, -0.483952, 0.0, -0.875095, -0.02234, 0.0, 1.0, 0.0, 0.61365, 0.0, 0.0, 0.0, 1.0],
                [0.875095, 0.0, -0.483952, -0.066109, -0.483952, 0.0, -0.875095, -0.02234, 0.0, 1.0, 0.0, 0.613705, 0.0, 0.0, 0.0, 1.0],
                [0.875095, 0.0, -0.483952, -0.066109, -0.483952, 0.0, -0.875095, -0.02234, 0.0, 1.0, 0.0, 0.61377, 0.0, 0.0, 0.0, 1.0],
                [0.875095, 0.0, -0.483952, -0.066109, -0.483952, 0.0, -0.875095, -0.02234, 0.0, 1.0, 0.0, 0.613847, 0.0, 0.0, 0.0, 1.0],
                [0.875095, 0.0, -0.483952, -0.066109, -0.483952, 0.0, -0.875095, -0.02234, 0.0, 1.0, 0.0, 0.613935, 0.0, 0.0, 0.0, 1.0],
                [0.875095, 0.0, -0.483952, -0.066109, -0.483952, 0.0, -0.875095, -0.02234, 0.0, 1.0, 0.0, 0.614034, 0.0, 0.0, 0.0, 1.0],
                [0.875095, 0.0, -0.483952, -0.066109, -0.483952, 0.0, -0.875095, -0.02234, 0.0, 1.0, 0.0, 0.614143, 0.0, 0.0, 0.0, 1.0],
                [0.875095, 0.0, -0.483952, -0.066109, -0.483952, 0.0, -0.875095, -0.02234, 0.0, 1.0, 0.0, 0.614262, 0.0, 0.0, 0.0, 1.0],
                [0.875095, 0.0, -0.483952, -0.066109, -0.483952, 0.0, -0.875095, -0.02234, 0.0, 1.0, 0.0, 0.614391, 0.0, 0.0, 0.0, 1.0],
                [0.875095, 0.0, -0.483952, -0.066109, -0.483952, 0.0, -0.875095, -0.02234, 0.0, 1.0, 0.0, 0.614529, 0.0, 0.0, 0.0, 1.0],
                [0.875095, 0.0, -0.483952, -0.066109, -0.483952, 0.0, -0.875095, -0.02234, 0.0, 1.0, 0.0, 0.614677, 0.0, 0.0, 0.0, 1.0],
                [0.875095, 0.0, -0.483952, -0.066109, -0.483952, 0.0, -0.875095, -0.02234, 0.0, 1.0, 0.0, 0.614834, 0.0, 0.0, 0.0, 1.0],
                [0.875095, 0.0, -0.483952, -0.066109, -0.483952, 0.0, -0.875095, -0.02234, 0.0, 1.0, 0.0, 0.615, 0.0, 0.0, 0.0, 1.0],
                [0.875095, 0.0, -0.483952, -0.066109, -0.483952, 0.0, -0.875095, -0.02234, 0.0, 1.0, 0.0, 0.615175, 0.0, 0.0, 0.0, 1.0],
                [0.875095, 0.0, -0.483952, -0.066109, -0.483952, 0.0, -0.875095, -0.02234, 0.0, 1.0, 0.0, 0.615357, 0.0, 0.0, 0.0, 1.0],
                [0.875095, 0.0, -0.483952, -0.066109, -0.483952, 0.0, -0.875095, -0.02234, 0.0, 1.0, 0.0, 0.615548, 0.0, 0.0, 0.0, 1.0],
                [0.875095, 0.0, -0.483952, -0.066109, -0.483952, 0.0, -0.875095, -0.02234, 0.0, 1.0, 0.0, 0.615747, 0.0, 0.0, 0.0, 1.0],
                [0.875095, 0.0, -0.483952, -0.066109, -0.483952, 0.0, -0.875095, -0.02234, 0.0, 1.0, 0.0, 0.615954, 0.0, 0.0, 0.0, 1.0],
                [0.875095, 0.0, -0.483952, -0.066109, -0.483952, 0.0, -0.875095, -0.02234, 0.0, 1.0, 0.0, 0.616167, 0.0, 0.0, 0.0, 1.0],
                [0.875095, 0.0, -0.483952, -0.066109, -0.483952, 0.0, -0.875095, -0.02234, 0.0, 1.0, 0.0, 0.616388, 0.0, 0.0, 0.0, 1.0],
                [0.875095, 0.0, -0.483952, -0.066109, -0.483952, 0.0, -0.875095, -0.02234, 0.0, 1.0, 0.0, 0.616616, 0.0, 0.0, 0.0, 1.0],
                [0.875095, 0.0, -0.483952, -0.066109, -0.483952, 0.0, -0.875095, -0.02234, 0.0, 1.0, 0.0, 0.61685, 0.0, 0.0, 0.0, 1.0],
                [0.875095, 0.0, -0.483952, -0.066109, -0.483952, 0.0, -0.875095, -0.02234, 0.0, 1.0, 0.0, 0.617091, 0.0, 0.0, 0.0, 1.0],
                [0.875095, 0.0, -0.483952, -0.066109, -0.483952, 0.0, -0.875095, -0.02234, 0.0, 1.0, 0.0, 0.617338, 0.0, 0.0, 0.0, 1.0],
                [0.875095, 0.0, -0.483952, -0.066109, -0.483952, 0.0, -0.875095, -0.02234, 0.0, 1.0, 0.0, 0.61759, 0.0, 0.0, 0.0, 1.0],
                [0.875095, 0.0, -0.483952, -0.066109, -0.483952, 0.0, -0.875095, -0.02234, 0.0, 1.0, 0.0, 0.617849, 0.0, 0.0, 0.0, 1.0],
                [0.875095, 0.0, -0.483952, -0.066109, -0.483952, 0.0, -0.875095, -0.02234, 0.0, 1.0, 0.0, 0.618112, 0.0, 0.0, 0.0, 1.0],
                [0.875095, 0.0, -0.483952, -0.066109, -0.483952, 0.0, -0.875095, -0.02234, 0.0, 1.0, 0.0, 0.61838, 0.0, 0.0, 0.0, 1.0],
                [0.875095, 0.0, -0.483952, -0.066109, -0.483952, 0.0, -0.875095, -0.02234, 0.0, 1.0, 0.0, 0.618654, 0.0, 0.0, 0.0, 1.0],
                [0.875095, 0.0, -0.483952, -0.066109, -0.483952, 0.0, -0.875095, -0.02234, 0.0, 1.0, 0.0, 0.618932, 0.0, 0.0, 0.0, 1.0],
                [0.875095, 0.0, -0.483952, -0.066109, -0.483952, 0.0, -0.875095, -0.02234, 0.0, 1.0, 0.0, 0.619214, 0.0, 0.0, 0.0, 1.0],
                [0.875095, 0.0, -0.483952, -0.066109, -0.483952, 0.0, -0.875095, -0.02234, 0.0, 1.0, 0.0, 0.6195, 0.0, 0.0, 0.0, 1.0],
                [0.875095, 0.0, -0.483952, -0.066109, -0.483952, 0.0, -0.875095, -0.02234, 0.0, 1.0, 0.0, 0.61979, 0.0, 0.0, 0.0, 1.0],
                [0.875095, 0.0, -0.483952, -0.066109, -0.483952, 0.0, -0.875095, -0.02234, 0.0, 1.0, 0.0, 0.620084, 0.0, 0.0, 0.0, 1.0],
                [0.875095, 0.0, -0.483952, -0.066109, -0.483952, 0.0, -0.875095, -0.02234, 0.0, 1.0, 0.0, 0.620381, 0.0, 0.0, 0.0, 1.0],
                [0.875095, 0.0, -0.483952, -0.066109, -0.483952, 0.0, -0.875095, -0.02234, 0.0, 1.0, 0.0, 0.620681, 0.0, 0.0, 0.0, 1.0],
                [0.875095, 0.0, -0.483952, -0.066109, -0.483952, 0.0, -0.875095, -0.02234, 0.0, 1.0, 0.0, 0.620983, 0.0, 0.0, 0.0, 1.0],
                [0.875095, 0.0, -0.483952, -0.066109, -0.483952, 0.0, -0.875095, -0.02234, 0.0, 1.0, 0.0, 0.621289, 0.0, 0.0, 0.0, 1.0],
                [0.875095, 0.0, -0.483952, -0.066109, -0.483952, 0.0, -0.875095, -0.02234, 0.0, 1.0, 0.0, 0.621596, 0.0, 0.0, 0.0, 1.0],
                [0.875095, 0.0, -0.483952, -0.066109, -0.483952, 0.0, -0.875095, -0.02234, 0.0, 1.0, 0.0, 0.621906, 0.0, 0.0, 0.0, 1.0],
                [0.875095, 0.0, -0.483952, -0.066109, -0.483952, 0.0, -0.875095, -0.02234, 0.0, 1.0, 0.0, 0.622217, 0.0, 0.0, 0.0, 1.0],
                [0.875095, 0.0, -0.483952, -0.066109, -0.483952, 0.0, -0.875095, -0.02234, 0.0, 1.0, 0.0, 0.62253, 0.0, 0.0, 0.0, 1.0],
                [0.875095, 0.0, -0.483952, -0.066109, -0.483952, 0.0, -0.875095, -0.02234, 0.0, 1.0, 0.0, 0.622844, 0.0, 0.0, 0.0, 1.0],
                [0.875095, 0.0, -0.483952, -0.066109, -0.483952, 0.0, -0.875095, -0.02234, 0.0, 1.0, 0.0, 0.623159, 0.0, 0.0, 0.0, 1.0],
                [0.875095, 0.0, -0.483952, -0.066109, -0.483952, 0.0, -0.875095, -0.02234, 0.0, 1.0, 0.0, 0.623475, 0.0, 0.0, 0.0, 1.0],
                [0.875095, 0.0, -0.483952, -0.066109, -0.483952, 0.0, -0.875095, -0.02234, 0.0, 1.0, 0.0, 0.623792, 0.0, 0.0, 0.0, 1.0],
                [0.875095, 0.0, -0.483952, -0.066109, -0.483952, 0.0, -0.875095, -0.02234, 0.0, 1.0, 0.0, 0.624108, 0.0, 0.0, 0.0, 1.0],
                [0.875095, 0.0, -0.483952, -0.066109, -0.483952, 0.0, -0.875095, -0.02234, 0.0, 1.0, 0.0, 0.624425, 0.0, 0.0, 0.0, 1.0],
                [0.875095, 0.0, -0.483952, -0.066109, -0.483952, 0.0, -0.875095, -0.02234, 0.0, 1.0, 0.0, 0.624741, 0.0, 0.0, 0.0, 1.0],
                [0.875095, 0.0, -0.483952, -0.066109, -0.483952, 0.0, -0.875095, -0.02234, 0.0, 1.0, 0.0, 0.625057, 0.0, 0.0, 0.0, 1.0],
                [0.875095, 0.0, -0.483952, -0.066109, -0.483952, 0.0, -0.875095, -0.02234, 0.0, 1.0, 0.0, 0.625372, 0.0, 0.0, 0.0, 1.0],
                [0.875095, 0.0, -0.483952, -0.066109, -0.483952, 0.0, -0.875095, -0.02234, 0.0, 1.0, 0.0, 0.625686, 0.0, 0.0, 0.0, 1.0],
                [0.875095, 0.0, -0.483952, -0.066109, -0.483952, 0.0, -0.875095, -0.02234, 0.0, 1.0, 0.0, 0.625999, 0.0, 0.0, 0.0, 1.0],
                [0.875095, 0.0, -0.483952, -0.066109, -0.483952, 0.0, -0.875095, -0.02234, 0.0, 1.0, 0.0, 0.626311, 0.0, 0.0, 0.0, 1.0],
                [0.875095, 0.0, -0.483952, -0.066109, -0.483952, 0.0, -0.875095, -0.02234, 0.0, 1.0, 0.0, 0.62662, 0.0, 0.0, 0.0, 1.0],
                [0.875095, 0.0, -0.483952, -0.066109, -0.483952, 0.0, -0.875095, -0.02234, 0.0, 1.0, 0.0, 0.626928, 0.0, 0.0, 0.0, 1.0],
                [0.875095, 0.0, -0.483952, -0.066109, -0.483952, 0.0, -0.875095, -0.02234, 0.0, 1.0, 0.0, 0.627233, 0.0, 0.0, 0.0, 1.0],
                [0.875095, 0.0, -0.483952, -0.066109, -0.483952, 0.0, -0.875095, -0.02234, 0.0, 1.0, 0.0, 0.627536, 0.0, 0.0, 0.0, 1.0],
                [0.875095, 0.0, -0.483952, -0.066109, -0.483952, 0.0, -0.875095, -0.02234, 0.0, 1.0, 0.0, 0.627836, 0.0, 0.0, 0.0, 1.0],
                [0.875095, 0.0, -0.483952, -0.066109, -0.483952, 0.0, -0.875095, -0.02234, 0.0, 1.0, 0.0, 0.628133, 0.0, 0.0, 0.0, 1.0],
                [0.875095, 0.0, -0.483952, -0.066109, -0.483952, 0.0, -0.875095, -0.02234, 0.0, 1.0, 0.0, 0.628426, 0.0, 0.0, 0.0, 1.0],
                [0.875095, 0.0, -0.483952, -0.066109, -0.483952, 0.0, -0.875095, -0.02234, 0.0, 1.0, 0.0, 0.628716, 0.0, 0.0, 0.0, 1.0],
                [0.875095, 0.0, -0.483952, -0.066109, -0.483952, 0.0, -0.875095, -0.02234, 0.0, 1.0, 0.0, 0.629002, 0.0, 0.0, 0.0, 1.0],
                [0.875095, 0.0, -0.483952, -0.066109, -0.483952, 0.0, -0.875095, -0.02234, 0.0, 1.0, 0.0, 0.629285, 0.0, 0.0, 0.0, 1.0],
                [0.875095, 0.0, -0.483952, -0.066109, -0.483952, 0.0, -0.875095, -0.02234, 0.0, 1.0, 0.0, 0.629563, 0.0, 0.0, 0.0, 1.0],
                [0.875095, 0.0, -0.483952, -0.066109, -0.483952, 0.0, -0.875095, -0.02234, 0.0, 1.0, 0.0, 0.629836, 0.0, 0.0, 0.0, 1.0],
                [0.875095, 0.0, -0.483952, -0.066109, -0.483952, 0.0, -0.875095, -0.02234, 0.0, 1.0, 0.0, 0.630104, 0.0, 0.0, 0.0, 1.0],
                [0.875095, 0.0, -0.483952, -0.066109, -0.483952, 0.0, -0.875095, -0.02234, 0.0, 1.0, 0.0, 0.630368, 0.0, 0.0, 0.0, 1.0],
                [0.875095, 0.0, -0.483952, -0.066109, -0.483952, 0.0, -0.875095, -0.02234, 0.0, 1.0, 0.0, 0.630626, 0.0, 0.0, 0.0, 1.0],
                [0.875095, 0.0, -0.483952, -0.066109, -0.483952, 0.0, -0.875095, -0.02234, 0.0, 1.0, 0.0, 0.630879, 0.0, 0.0, 0.0, 1.0],
                [0.875095, 0.0, -0.483952, -0.066109, -0.483952, 0.0, -0.875095, -0.02234, 0.0, 1.0, 0.0, 0.631125, 0.0, 0.0, 0.0, 1.0],
                [0.875095, 0.0, -0.483952, -0.066109, -0.483952, 0.0, -0.875095, -0.02234, 0.0, 1.0, 0.0, 0.631366, 0.0, 0.0, 0.0, 1.0],
                [0.875095, 0.0, -0.483952, -0.066109, -0.483952, 0.0, -0.875095, -0.02234, 0.0, 1.0, 0.0, 0.6316, 0.0, 0.0, 0.0, 1.0],
                [0.875095, 0.0, -0.483952, -0.066109, -0.483952, 0.0, -0.875095, -0.02234, 0.0, 1.0, 0.0, 0.631828, 0.0, 0.0, 0.0, 1.0],
                [0.875095, 0.0, -0.483952, -0.066109, -0.483952, 0.0, -0.875095, -0.02234, 0.0, 1.0, 0.0, 0.632049, 0.0, 0.0, 0.0, 1.0],
                [0.875095, 0.0, -0.483952, -0.066109, -0.483952, 0.0, -0.875095, -0.02234, 0.0, 1.0, 0.0, 0.632263, 0.0, 0.0, 0.0, 1.0],
                [0.875095, 0.0, -0.483952, -0.066109, -0.483952, 0.0, -0.875095, -0.02234, 0.0, 1.0, 0.0, 0.632469, 0.0, 0.0, 0.0, 1.0],
                [0.875095, 0.0, -0.483952, -0.066109, -0.483952, 0.0, -0.875095, -0.02234, 0.0, 1.0, 0.0, 0.632668, 0.0, 0.0, 0.0, 1.0],
                [0.875095, 0.0, -0.483952, -0.066109, -0.483952, 0.0, -0.875095, -0.02234, 0.0, 1.0, 0.0, 0.632859, 0.0, 0.0, 0.0, 1.0],
                [0.875095, 0.0, -0.483952, -0.066109, -0.483952, 0.0, -0.875095, -0.02234, 0.0, 1.0, 0.0, 0.633042, 0.0, 0.0, 0.0, 1.0],
                [0.875095, 0.0, -0.483952, -0.066109, -0.483952, 0.0, -0.875095, -0.02234, 0.0, 1.0, 0.0, 0.633216, 0.0, 0.0, 0.0, 1.0],
                [0.875095, 0.0, -0.483952, -0.066109, -0.483952, 0.0, -0.875095, -0.02234, 0.0, 1.0, 0.0, 0.633382, 0.0, 0.0, 0.0, 1.0],
                [0.875095, 0.0, -0.483952, -0.066109, -0.483952, 0.0, -0.875095, -0.02234, 0.0, 1.0, 0.0, 0.633539, 0.0, 0.0, 0.0, 1.0],
                [0.875095, 0.0, -0.483952, -0.066109, -0.483952, 0.0, -0.875095, -0.02234, 0.0, 1.0, 0.0, 0.633687, 0.0, 0.0, 0.0, 1.0],
                [0.875095, 0.0, -0.483952, -0.066109, -0.483952, 0.0, -0.875095, -0.02234, 0.0, 1.0, 0.0, 0.633826, 0.0, 0.0, 0.0, 1.0],
                [0.875095, 0.0, -0.483952, -0.066109, -0.483952, 0.0, -0.875095, -0.02234, 0.0, 1.0, 0.0, 0.633955, 0.0, 0.0, 0.0, 1.0],
                [0.875095, 0.0, -0.483952, -0.066109, -0.483952, 0.0, -0.875095, -0.02234, 0.0, 1.0, 0.0, 0.634074, 0.0, 0.0, 0.0, 1.0],
                [0.875095, 0.0, -0.483952, -0.066109, -0.483952, 0.0, -0.875095, -0.02234, 0.0, 1.0, 0.0, 0.634183, 0.0, 0.0, 0.0, 1.0],
                [0.875095, 0.0, -0.483952, -0.066109, -0.483952, 0.0, -0.875095, -0.02234, 0.0, 1.0, 0.0, 0.634281, 0.0, 0.0, 0.0, 1.0],
                [0.875095, 0.0, -0.483952, -0.066109, -0.483952, 0.0, -0.875095, -0.02234, 0.0, 1.0, 0.0, 0.634369, 0.0, 0.0, 0.0, 1.0],
                [0.875095, 0.0, -0.483952, -0.066109, -0.483952, 0.0, -0.875095, -0.02234, 0.0, 1.0, 0.0, 0.634446, 0.0, 0.0, 0.0, 1.0],
                [0.875095, 0.0, -0.483952, -0.066109, -0.483952, 0.0, -0.875095, -0.02234, 0.0, 1.0, 0.0, 0.634512, 0.0, 0.0, 0.0, 1.0],
                [0.875095, 0.0, -0.483952, -0.066109, -0.483952, 0.0, -0.875095, -0.02234, 0.0, 1.0, 0.0, 0.634566, 0.0, 0.0, 0.0, 1.0],
                [0.875095, 0.0, -0.483952, -0.066109, -0.483952, 0.0, -0.875095, -0.02234, 0.0, 1.0, 0.0, 0.634609, 0.0, 0.0, 0.0, 1.0],
                [0.875095, 0.0, -0.483952, -0.066109, -0.483952, 0.0, -0.875095, -0.02234, 0.0, 1.0, 0.0, 0.63464, 0.0, 0.0, 0.0, 1.0],
                [0.875095, 0.0, -0.483952, -0.066109, -0.483952, 0.0, -0.875095, -0.02234, 0.0, 1.0, 0.0, 0.634659, 0.0, 0.0, 0.0, 1.0],
                [0.875095, 0.0, -0.483952, -0.066109, -0.483952, 0.0, -0.875095, -0.02234, 0.0, 1.0, 0.0, 0.634665, 0.0, 0.0, 0.0, 1.0],
                [0.875095, 0.0, -0.483952, -0.066109, -0.483952, 0.0, -0.875095, -0.02234, 0.0, 1.0, 0.0, 0.634659, 0.0, 0.0, 0.0, 1.0],
                [0.875095, 0.0, -0.483952, -0.066109, -0.483952, 0.0, -0.875095, -0.02234, 0.0, 1.0, 0.0, 0.63464, 0.0, 0.0, 0.0, 1.0],
                [0.875095, 0.0, -0.483952, -0.066109, -0.483952, 0.0, -0.875095, -0.02234, 0.0, 1.0, 0.0, 0.634609, 0.0, 0.0, 0.0, 1.0],
                [0.875095, 0.0, -0.483952, -0.066109, -0.483952, 0.0, -0.875095, -0.02234, 0.0, 1.0, 0.0, 0.634566, 0.0, 0.0, 0.0, 1.0],
                [0.875095, 0.0, -0.483952, -0.066109, -0.483952, 0.0, -0.875095, -0.02234, 0.0, 1.0, 0.0, 0.634512, 0.0, 0.0, 0.0, 1.0],
                [0.875095, 0.0, -0.483952, -0.066109, -0.483952, 0.0, -0.875095, -0.02234, 0.0, 1.0, 0.0, 0.634446, 0.0, 0.0, 0.0, 1.0],
                [0.875095, 0.0, -0.483952, -0.066109, -0.483952, 0.0, -0.875095, -0.02234, 0.0, 1.0, 0.0, 0.634369, 0.0, 0.0, 0.0, 1.0],
                [0.875095, 0.0, -0.483952, -0.066109, -0.483952, 0.0, -0.875095, -0.02234, 0.0, 1.0, 0.0, 0.634281, 0.0, 0.0, 0.0, 1.0],
                [0.875095, 0.0, -0.483952, -0.066109, -0.483952, 0.0, -0.875095, -0.02234, 0.0, 1.0, 0.0, 0.634183, 0.0, 0.0, 0.0, 1.0],
                [0.875095, 0.0, -0.483952, -0.066109, -0.483952, 0.0, -0.875095, -0.02234, 0.0, 1.0, 0.0, 0.634074, 0.0, 0.0, 0.0, 1.0],
                [0.875095, 0.0, -0.483952, -0.066109, -0.483952, 0.0, -0.875095, -0.02234, 0.0, 1.0, 0.0, 0.633955, 0.0, 0.0, 0.0, 1.0],
                [0.875095, 0.0, -0.483952, -0.066109, -0.483952, 0.0, -0.875095, -0.02234, 0.0, 1.0, 0.0, 0.633826, 0.0, 0.0, 0.0, 1.0],
                [0.875095, 0.0, -0.483952, -0.066109, -0.483952, 0.0, -0.875095, -0.02234, 0.0, 1.0, 0.0, 0.633687, 0.0, 0.0, 0.0, 1.0],
                [0.875095, 0.0, -0.483952, -0.066109, -0.483952, 0.0, -0.875095, -0.02234, 0.0, 1.0, 0.0, 0.633539, 0.0, 0.0, 0.0, 1.0],
                [0.875095, 0.0, -0.483952, -0.066109, -0.483952, 0.0, -0.875095, -0.02234, 0.0, 1.0, 0.0, 0.633382, 0.0, 0.0, 0.0, 1.0],
                [0.875095, 0.0, -0.483952, -0.066109, -0.483952, 0.0, -0.875095, -0.02234, 0.0, 1.0, 0.0, 0.633216, 0.0, 0.0, 0.0, 1.0],
                [0.875095, 0.0, -0.483952, -0.066109, -0.483952, 0.0, -0.875095, -0.02234, 0.0, 1.0, 0.0, 0.633042, 0.0, 0.0, 0.0, 1.0],
                [0.875095, 0.0, -0.483952, -0.066109, -0.483952, 0.0, -0.875095, -0.02234, 0.0, 1.0, 0.0, 0.632859, 0.0, 0.0, 0.0, 1.0],
                [0.875095, 0.0, -0.483952, -0.066109, -0.483952, 0.0, -0.875095, -0.02234, 0.0, 1.0, 0.0, 0.632668, 0.0, 0.0, 0.0, 1.0],
                [0.875095, 0.0, -0.483952, -0.066109, -0.483952, 0.0, -0.875095, -0.02234, 0.0, 1.0, 0.0, 0.632469, 0.0, 0.0, 0.0, 1.0],
                [0.875095, 0.0, -0.483952, -0.066109, -0.483952, 0.0, -0.875095, -0.02234, 0.0, 1.0, 0.0, 0.632263, 0.0, 0.0, 0.0, 1.0],
                [0.875095, 0.0, -0.483952, -0.066109, -0.483952, 0.0, -0.875095, -0.02234, 0.0, 1.0, 0.0, 0.632049, 0.0, 0.0, 0.0, 1.0],
                [0.875095, 0.0, -0.483952, -0.066109, -0.483952, 0.0, -0.875095, -0.02234, 0.0, 1.0, 0.0, 0.631828, 0.0, 0.0, 0.0, 1.0],
                [0.875095, 0.0, -0.483952, -0.066109, -0.483952, 0.0, -0.875095, -0.02234, 0.0, 1.0, 0.0, 0.6316, 0.0, 0.0, 0.0, 1.0],
                [0.875095, 0.0, -0.483952, -0.066109, -0.483952, 0.0, -0.875095, -0.02234, 0.0, 1.0, 0.0, 0.631366, 0.0, 0.0, 0.0, 1.0],
                [0.875095, 0.0, -0.483952, -0.066109, -0.483952, 0.0, -0.875095, -0.02234, 0.0, 1.0, 0.0, 0.631125, 0.0, 0.0, 0.0, 1.0],
                [0.875095, 0.0, -0.483952, -0.066109, -0.483952, 0.0, -0.875095, -0.02234, 0.0, 1.0, 0.0, 0.630879, 0.0, 0.0, 0.0, 1.0],
                [0.875095, 0.0, -0.483952, -0.066109, -0.483952, 0.0, -0.875095, -0.02234, 0.0, 1.0, 0.0, 0.630626, 0.0, 0.0, 0.0, 1.0],
                [0.875095, 0.0, -0.483952, -0.066109, -0.483952, 0.0, -0.875095, -0.02234, 0.0, 1.0, 0.0, 0.630368, 0.0, 0.0, 0.0, 1.0],
                [0.875095, 0.0, -0.483952, -0.066109, -0.483952, 0.0, -0.875095, -0.02234, 0.0, 1.0, 0.0, 0.630104, 0.0, 0.0, 0.0, 1.0],
                [0.875095, 0.0, -0.483952, -0.066109, -0.483952, 0.0, -0.875095, -0.02234, 0.0, 1.0, 0.0, 0.629836, 0.0, 0.0, 0.0, 1.0],
                [0.875095, 0.0, -0.483952, -0.066109, -0.483952, 0.0, -0.875095, -0.02234, 0.0, 1.0, 0.0, 0.629563, 0.0, 0.0, 0.0, 1.0],
                [0.875095, 0.0, -0.483952, -0.066109, -0.483952, 0.0, -0.875095, -0.02234, 0.0, 1.0, 0.0, 0.629285, 0.0, 0.0, 0.0, 1.0],
                [0.875095, 0.0, -0.483952, -0.066109, -0.483952, 0.0, -0.875095, -0.02234, 0.0, 1.0, 0.0, 0.629002, 0.0, 0.0, 0.0, 1.0],
                [0.875095, 0.0, -0.483952, -0.066109, -0.483952, 0.0, -0.875095, -0.02234, 0.0, 1.0, 0.0, 0.628716, 0.0, 0.0, 0.0, 1.0],
                [0.875095, 0.0, -0.483952, -0.066109, -0.483952, 0.0, -0.875095, -0.02234, 0.0, 1.0, 0.0, 0.628426, 0.0, 0.0, 0.0, 1.0],
                [0.875095, 0.0, -0.483952, -0.066109, -0.483952, 0.0, -0.875095, -0.02234, 0.0, 1.0, 0.0, 0.628133, 0.0, 0.0, 0.0, 1.0],
                [0.875095, 0.0, -0.483952, -0.066109, -0.483952, 0.0, -0.875095, -0.02234, 0.0, 1.0, 0.0, 0.627836, 0.0, 0.0, 0.0, 1.0],
                [0.875095, 0.0, -0.483952, -0.066109, -0.483952, 0.0, -0.875095, -0.02234, 0.0, 1.0, 0.0, 0.627536, 0.0, 0.0, 0.0, 1.0],
                [0.875095, 0.0, -0.483952, -0.066109, -0.483952, 0.0, -0.875095, -0.02234, 0.0, 1.0, 0.0, 0.627233, 0.0, 0.0, 0.0, 1.0],
                [0.875095, 0.0, -0.483952, -0.066109, -0.483952, 0.0, -0.875095, -0.02234, 0.0, 1.0, 0.0, 0.626928, 0.0, 0.0, 0.0, 1.0],
                [0.875095, 0.0, -0.483952, -0.066109, -0.483952, 0.0, -0.875095, -0.02234, 0.0, 1.0, 0.0, 0.62662, 0.0, 0.0, 0.0, 1.0],
                [0.875095, 0.0, -0.483952, -0.066109, -0.483952, 0.0, -0.875095, -0.02234, 0.0, 1.0, 0.0, 0.626311, 0.0, 0.0, 0.0, 1.0],
                [0.875095, 0.0, -0.483952, -0.066109, -0.483952, 0.0, -0.875095, -0.02234, 0.0, 1.0, 0.0, 0.625999, 0.0, 0.0, 0.0, 1.0],
                [0.875095, 0.0, -0.483952, -0.066109, -0.483952, 0.0, -0.875095, -0.02234, 0.0, 1.0, 0.0, 0.625686, 0.0, 0.0, 0.0, 1.0],
                [0.875095, 0.0, -0.483952, -0.066109, -0.483952, 0.0, -0.875095, -0.02234, 0.0, 1.0, 0.0, 0.625372, 0.0, 0.0, 0.0, 1.0],
                [0.875095, 0.0, -0.483952, -0.066109, -0.483952, 0.0, -0.875095, -0.02234, 0.0, 1.0, 0.0, 0.625057, 0.0, 0.0, 0.0, 1.0],
                [0.875095, 0.0, -0.483952, -0.066109, -0.483952, 0.0, -0.875095, -0.02234, 0.0, 1.0, 0.0, 0.624741, 0.0, 0.0, 0.0, 1.0],
                [0.875095, 0.0, -0.483952, -0.066109, -0.483952, 0.0, -0.875095, -0.02234, 0.0, 1.0, 0.0, 0.624425, 0.0, 0.0, 0.0, 1.0],
                [0.875095, 0.0, -0.483952, -0.066109, -0.483952, 0.0, -0.875095, -0.02234, 0.0, 1.0, 0.0, 0.624108, 0.0, 0.0, 0.0, 1.0],
                [0.875095, 0.0, -0.483952, -0.066109, -0.483952, 0.0, -0.875095, -0.02234, 0.0, 1.0, 0.0, 0.623792, 0.0, 0.0, 0.0, 1.0],
                [0.875095, 0.0, -0.483952, -0.066109, -0.483952, 0.0, -0.875095, -0.02234, 0.0, 1.0, 0.0, 0.623475, 0.0, 0.0, 0.0, 1.0],
                [0.875095, 0.0, -0.483952, -0.066109, -0.483952, 0.0, -0.875095, -0.02234, 0.0, 1.0, 0.0, 0.623159, 0.0, 0.0, 0.0, 1.0],
                [0.875095, 0.0, -0.483952, -0.066109, -0.483952, 0.0, -0.875095, -0.02234, 0.0, 1.0, 0.0, 0.622844, 0.0, 0.0, 0.0, 1.0],
                [0.875095, 0.0, -0.483952, -0.066109, -0.483952, 0.0, -0.875095, -0.02234, 0.0, 1.0, 0.0, 0.62253, 0.0, 0.0, 0.0, 1.0],
                [0.875095, 0.0, -0.483952, -0.066109, -0.483952, 0.0, -0.875095, -0.02234, 0.0, 1.0, 0.0, 0.622217, 0.0, 0.0, 0.0, 1.0],
                [0.875095, 0.0, -0.483952, -0.066109, -0.483952, 0.0, -0.875095, -0.02234, 0.0, 1.0, 0.0, 0.621906, 0.0, 0.0, 0.0, 1.0],
                [0.875095, 0.0, -0.483952, -0.066109, -0.483952, 0.0, -0.875095, -0.02234, 0.0, 1.0, 0.0, 0.621596, 0.0, 0.0, 0.0, 1.0],
                [0.875095, 0.0, -0.483952, -0.066109, -0.483952, 0.0, -0.875095, -0.02234, 0.0, 1.0, 0.0, 0.621289, 0.0, 0.0, 0.0, 1.0],
                [0.875095, 0.0, -0.483952, -0.066109, -0.483952, 0.0, -0.875095, -0.02234, 0.0, 1.0, 0.0, 0.620983, 0.0, 0.0, 0.0, 1.0],
                [0.875095, 0.0, -0.483952, -0.066109, -0.483952, 0.0, -0.875095, -0.02234, 0.0, 1.0, 0.0, 0.620681, 0.0, 0.0, 0.0, 1.0],
                [0.875095, 0.0, -0.483952, -0.066109, -0.483952, 0.0, -0.875095, -0.02234, 0.0, 1.0, 0.0, 0.620381, 0.0, 0.0, 0.0, 1.0],
                [0.875095, 0.0, -0.483952, -0.066109, -0.483952, 0.0, -0.875095, -0.02234, 0.0, 1.0, 0.0, 0.620084, 0.0, 0.0, 0.0, 1.0],
                [0.875095, 0.0, -0.483952, -0.066109, -0.483952, 0.0, -0.875095, -0.02234, 0.0, 1.0, 0.0, 0.61979, 0.0, 0.0, 0.0, 1.0],
                [0.875095, 0.0, -0.483952, -0.066109, -0.483952, 0.0, -0.875095, -0.02234, 0.0, 1.0, 0.0, 0.6195, 0.0, 0.0, 0.0, 1.0],
                [0.875095, 0.0, -0.483952, -0.066109, -0.483952, 0.0, -0.875095, -0.02234, 0.0, 1.0, 0.0, 0.619214, 0.0, 0.0, 0.0, 1.0],
                [0.875095, 0.0, -0.483952, -0.066109, -0.483952, 0.0, -0.875095, -0.02234, 0.0, 1.0, 0.0, 0.618932, 0.0, 0.0, 0.0, 1.0],
                [0.875095, 0.0, -0.483952, -0.066109, -0.483952, 0.0, -0.875095, -0.02234, 0.0, 1.0, 0.0, 0.618654, 0.0, 0.0, 0.0, 1.0],
                [0.875095, 0.0, -0.483952, -0.066109, -0.483952, 0.0, -0.875095, -0.02234, 0.0, 1.0, 0.0, 0.61838, 0.0, 0.0, 0.0, 1.0],
                [0.875095, 0.0, -0.483952, -0.066109, -0.483952, 0.0, -0.875095, -0.02234, 0.0, 1.0, 0.0, 0.618112, 0.0, 0.0, 0.0, 1.0],
                [0.875095, 0.0, -0.483952, -0.066109, -0.483952, 0.0, -0.875095, -0.02234, 0.0, 1.0, 0.0, 0.617849, 0.0, 0.0, 0.0, 1.0],
                [0.875095, 0.0, -0.483952, -0.066109, -0.483952, 0.0, -0.875095, -0.02234, 0.0, 1.0, 0.0, 0.61759, 0.0, 0.0, 0.0, 1.0],
                [0.875095, 0.0, -0.483952, -0.066109, -0.483952, 0.0, -0.875095, -0.02234, 0.0, 1.0, 0.0, 0.617338, 0.0, 0.0, 0.0, 1.0],
                [0.875095, 0.0, -0.483952, -0.066109, -0.483952, 0.0, -0.875095, -0.02234, 0.0, 1.0, 0.0, 0.617091, 0.0, 0.0, 0.0, 1.0],
                [0.875095, 0.0, -0.483952, -0.066109, -0.483952, 0.0, -0.875095, -0.02234, 0.0, 1.0, 0.0, 0.61685, 0.0, 0.0, 0.0, 1.0],
                [0.875095, 0.0, -0.483952, -0.066109, -0.483952, 0.0, -0.875095, -0.02234, 0.0, 1.0, 0.0, 0.616616, 0.0, 0.0, 0.0, 1.0],
                [0.875095, 0.0, -0.483952, -0.066109, -0.483952, 0.0, -0.875095, -0.02234, 0.0, 1.0, 0.0, 0.616388, 0.0, 0.0, 0.0, 1.0],
                [0.875095, 0.0, -0.483952, -0.066109, -0.483952, 0.0, -0.875095, -0.02234, 0.0, 1.0, 0.0, 0.616167, 0.0, 0.0, 0.0, 1.0],
                [0.875095, 0.0, -0.483952, -0.066109, -0.483952, 0.0, -0.875095, -0.02234, 0.0, 1.0, 0.0, 0.615954, 0.0, 0.0, 0.0, 1.0],
                [0.875095, 0.0, -0.483952, -0.066109, -0.483952, 0.0, -0.875095, -0.02234, 0.0, 1.0, 0.0, 0.615747, 0.0, 0.0, 0.0, 1.0],
                [0.875095, 0.0, -0.483952, -0.066109, -0.483952, 0.0, -0.875095, -0.02234, 0.0, 1.0, 0.0, 0.615548, 0.0, 0.0, 0.0, 1.0],
                [0.875095, 0.0, -0.483952, -0.066109, -0.483952, 0.0, -0.875095, -0.02234, 0.0, 1.0, 0.0, 0.615357, 0.0, 0.0, 0.0, 1.0],
                [0.875095, 0.0, -0.483952, -0.066109, -0.483952, 0.0, -0.875095, -0.02234, 0.0, 1.0, 0.0, 0.615175, 0.0, 0.0, 0.0, 1.0],
                [0.875095, 0.0, -0.483952, -0.066109, -0.483952, 0.0, -0.875095, -0.02234, 0.0, 1.0, 0.0, 0.615, 0.0, 0.0, 0.0, 1.0],
                [0.875095, 0.0, -0.483952, -0.066109, -0.483952, 0.0, -0.875095, -0.02234, 0.0, 1.0, 0.0, 0.614834, 0.0, 0.0, 0.0, 1.0],
                [0.875095, 0.0, -0.483952, -0.066109, -0.483952, 0.0, -0.875095, -0.02234, 0.0, 1.0, 0.0, 0.614677, 0.0, 0.0, 0.0, 1.0],
                [0.875095, 0.0, -0.483952, -0.066109, -0.483952, 0.0, -0.875095, -0.02234, 0.0, 1.0, 0.0, 0.614529, 0.0, 0.0, 0.0, 1.0],
                [0.875095, 0.0, -0.483952, -0.066109, -0.483952, 0.0, -0.875095, -0.02234, 0.0, 1.0, 0.0, 0.614391, 0.0, 0.0, 0.0, 1.0],
                [0.875095, 0.0, -0.483952, -0.066109, -0.483952, 0.0, -0.875095, -0.02234, 0.0, 1.0, 0.0, 0.614262, 0.0, 0.0, 0.0, 1.0],
                [0.875095, 0.0, -0.483952, -0.066109, -0.483952, 0.0, -0.875095, -0.02234, 0.0, 1.0, 0.0, 0.614143, 0.0, 0.0, 0.0, 1.0],
                [0.875095, 0.0, -0.483952, -0.066109, -0.483952, 0.0, -0.875095, -0.02234, 0.0, 1.0, 0.0, 0.614034, 0.0, 0.0, 0.0, 1.0],
                [0.875095, 0.0, -0.483952, -0.066109, -0.483952, 0.0, -0.875095, -0.02234, 0.0, 1.0, 0.0, 0.613935, 0.0, 0.0, 0.0, 1.0],
                [0.875095, 0.0, -0.483952, -0.066109, -0.483952, 0.0, -0.875095, -0.02234, 0.0, 1.0, 0.0, 0.613847, 0.0, 0.0, 0.0, 1.0],
                [0.875095, 0.0, -0.483952, -0.066109, -0.483952, 0.0, -0.875095, -0.02234, 0.0, 1.0, 0.0, 0.61377, 0.0, 0.0, 0.0, 1.0],
                [0.875095, 0.0, -0.483952, -0.066109, -0.483952, 0.0, -0.875095, -0.02234, 0.0, 1.0, 0.0, 0.613705, 0.0, 0.0, 0.0, 1.0],
                [0.875095, 0.0, -0.483952, -0.066109, -0.483952, 0.0, -0.875095, -0.02234, 0.0, 1.0, 0.0, 0.61365, 0.0, 0.0, 0.0, 1.0],
                [0.875095, 0.0, -0.483952, -0.066109, -0.483952, 0.0, -0.875095, -0.02234, 0.0, 1.0, 0.0, 0.613607, 0.0, 0.0, 0.0, 1.0],
                [0.875095, 0.0, -0.483952, -0.066109, -0.483952, 0.0, -0.875095, -0.02234, 0.0, 1.0, 0.0, 0.613576, 0.0, 0.0, 0.0, 1.0],
                [0.875095, 0.0, -0.483952, -0.066109, -0.483952, 0.0, -0.875095, -0.02234, 0.0, 1.0, 0.0, 0.613558, 0.0, 0.0, 0.0, 1.0],
                [0.875095, 0.0, -0.483952, -0.066109, -0.483952, 0.0, -0.875095, -0.02234, 0.0, 1.0, 0.0, 0.613551, 0.0, 0.0, 0.0, 1.0]
            ]
        },
        {
            "name": "Thigh_R",
            "time": [0.0, 0.0167, 0.0333, 0.05, 0.0667, 0.0833, 0.1, 0.1167, 0.1333, 0.15, 0.1667, 0.1833, 0.2, 0.2167, 0.2333, 0.25, 0.2667, 0.2833, 0.3, 0.3167, 0.3333, 0.35, 0.3667, 0.3833, 0.4, 0.4167, 0.4333, 0.45, 0.4667, 0.4833, 0.5, 0.5167, 0.5333, 0.55, 0.5667, 0.5833, 0.6, 0.6167, 0.6333, 0.65, 0.6667, 0.6833, 0.7, 0.7167, 0.7333, 0.75, 0.7667, 0.7833, 0.8, 0.8167, 0.8333, 0.85, 0.8667, 0.8833, 0.9, 0.9167, 0.9333, 0.95, 0.9667, 0.9833, 1.0, 1.0167, 1.0333, 1.05, 1.0667, 1.0833, 1.1, 1.1167, 1.1333, 1.15, 1.1667, 1.1833, 1.2, 1.2167, 1.2333, 1.25, 1.2667, 1.2833, 1.3, 1.3167, 1.3333, 1.35, 1.3667, 1.3833, 1.4, 1.4167, 1.4333, 1.45, 1.4667, 1.4833, 1.5, 1.5167, 1.5333, 1.55, 1.5667, 1.5833, 1.6, 1.6167, 1.6333, 1.65, 1.6667, 1.6833, 1.7, 1.7167, 1.7333, 1.75, 1.7667, 1.7833, 1.8, 1.8167, 1.8333, 1.85, 1.8667, 1.8833, 1.9, 1.9167, 1.9333, 1.95, 1.9667, 1.9833, 2.0, 2.0167, 2.0333, 2.05, 2.0667, 2.0833, 2.1, 2.1167, 2.1333, 2.15, 2.1667, 2.1833, 2.2, 2.2167, 2.2333, 2.25, 2.2667, 2.2833, 2.3, 2.3167, 2.3333, 2.35, 2.3667, 2.3833, 2.4, 2.4167, 2.4333, 2.45, 2.4667, 2.4833, 2.5, 2.5167, 2.5333, 2.55, 2.5667, 2.5833, 2.6, 2.6167, 2.6333, 2.65, 2.6667, 2.6833, 2.7, 2.7167, 2.7333, 2.75, 2.7667, 2.7833, 2.8, 2.8167, 2.8333, 2.85, 2.8667, 2.8833, 2.9, 2.9167, 2.9333, 2.95, 2.9667, 2.9833, 3.0, 3.0167, 3.0333, 3.05, 3.0667, 3.0833, 3.1, 3.1167, 3.1333, 3.15, 3.1667, 3.1833, 3.2, 3.2167, 3.2333, 3.25, 3.2667, 3.2833, 3.3, 3.3167, 3.3333],
            "transform": [
                [0.917633, 0.233587, -0.321537, 0.124994, 0.333807, -0.892075, 0.304584, -0.002831, -0.215689, -0.386827, -0.896573, -1.2e-05, 0.0, 0.0, 0.0, 1.0],
                [0.917633, 0.233586, -0.321536, 0.124994, 0.333803, -0.892081, 0.304571, -0.002831, -0.215693, -0.386814, -0.896578, -1.2e-05, 0.0, 0.0, 0.0, 1.0],
                [0.917635, 0.233586, -0.321533, 0.124994, 0.333792, -0.892099, 0.304533, -0.002831, -0.215705, -0.386774, -0.896592, -1.2e-05, 0.0, 0.0, 0.0, 1.0],
                [0.917637, 0.233584, -0.321528, 0.124994, 0.333773, -0.892127, 0.304469, -0.002831, -0.215725, -0.386709, -0.896615, -1.2e-05, 0.0, 0.0, 0.0, 1.0],
                [0.91764, 0.233582, -0.321521, 0.124994, 0.333747, -0.892167, 0.30438, -0.002831, -0.215754, -0.386618, -0.896648, -1.2e-05, 0.0, 0.0, 0.0, 1.0],
                [0.917643, 0.233579, -0.321513, 0.124994, 0.333714, -0.892218, 0.304268, -0.002831, -0.215789, -0.386502, -0.896689, -1.2e-05, 0.0, 0.0, 0.0, 1.0],
                [0.917648, 0.233576, -0.321502, 0.124994, 0.333673, -0.89228, 0.304132, -0.002831, -0.215832, -0.386362, -0.896739, -1.2e-05, 0.0, 0.0, 0.0, 1.0],
                [0.917653, 0.233572, -0.32149, 0.124994, 0.333626, -0.892351, 0.303973, -0.002831, -0.215883, -0.386199, -0.896797, -1.2e-05, 0.0, 0.0, 0.0, 1.0],
                [0.917659, 0.233568, -0.321476, 0.124994, 0.333573, -0.892433, 0.303791, -0.002831, -0.21594, -0.386012, -0.896864, -1.2e-05, 0.0, 0.0, 0.0, 1.0],
                [0.917666, 0.233563, -0.32146, 0.124994, 0.333512, -0.892525, 0.303587, -0.002831, -0.216004, -0.385802, -0.896938, -1.2e-05, 0.0, 0.0, 0.0, 1.0],
                [0.917673, 0.233558, -0.321442, 0.124994, 0.333446, -0.892627, 0.303362, -0.002831, -0.216076, -0.38557, -0.897021, -1.2e-05, 0.0, 0.0, 0.0, 1.0],
                [0.917681, 0.233553, -0.321423, 0.124994, 0.333373, -0.892738, 0.303116, -0.002831, -0.216153, -0.385317, -0.897111, -1.2e-05, 0.0, 0.0, 0.0, 1.0],
                [0.91769, 0.233547, -0.321402, 0.124994, 0.333294, -0.892858, 0.302848, -0.002831, -0.216238, -0.385042, -0.897209, -1.2e-05, 0.0, 0.0, 0.0, 1.0],
                [0.9177, 0.233541, -0.32138, 0.124994, 0.33321, -0.892987, 0.302561, -0.002831, -0.216328, -0.384746, -0.897314, -1.2e-05, 0.0, 0.0, 0.0, 1.0],
                [0.91771, 0.233535, -0.321356, 0.124994, 0.33312, -0.893124, 0.302254, -0.002831, -0.216424, -0.38443, -0.897426, -1.2e-05, 0.0, 0.0, 0.0, 1.0],
                [0.91772, 0.233528, -0.321331, 0.124994, 0.333024, -0.893271, 0.301927, -0.002831, -0.216527, -0.384095, -0.897545, -1.2e-05, 0.0, 0.0, 0.0, 1.0],
                [0.917731, 0.233521, -0.321304, 0.124994, 0.332923, -0.893425, 0.301582, -0.002831, -0.216635, -0.38374, -0.897671, -1.2e-05, 0.0, 0.0, 0.0, 1.0],
                [0.917743, 0.233514, -0.321275, 0.124994, 0.332816, -0.893587, 0.301219, -0.002831, -0.216749, -0.383367, -0.897803, -1.2e-05, 0.0, 0.0, 0.0, 1.0],
                [0.917755, 0.233507, -0.321245, 0.124994, 0.332705, -0.893757, 0.300838, -0.002831, -0.216868, -0.382975, -0.897941, -1.2e-05, 0.0, 0.0, 0.0, 1.0],
                [0.917768, 0.2335, -0.321214, 0.124994, 0.332589, -0.893934, 0.300439, -0.002831, -0.216992, -0.382565, -0.898086, -1.2e-05, 0.0, 0.0, 0.0, 1.0],
                [0.917782, 0.233493, -0.321181, 0.124994, 0.332468, -0.894119, 0.300024, -0.002831, -0.217121, -0.382138, -0.898237, -1.2e-05, 0.0, 0.0, 0.0, 1.0],
                [0.917795, 0.233486, -0.321147, 0.124994, 0.332343, -0.89431, 0.299592, -0.002831, -0.217255, -0.381694, -0.898393, -1.2e-05, 0.0, 0.0, 0.0, 1.0],
                [0.917809, 0.233479, -0.321112, 0.124994, 0.332213, -0.894508, 0.299144, -0.002831, -0.217394, -0.381234, -0.898555, -1.2e-05, 0.0, 0.0, 0.0, 1.0],
                [0.917824, 0.233472, -0.321075, 0.124994, 0.332079, -0.894713, 0.298681, -0.002831, -0.217537, -0.380758, -0.898722, -1.2e-05, 0.0, 0.0, 0.0, 1.0],
                [0.917839, 0.233465, -0.321037, 0.124994, 0.331941, -0.894923, 0.298202, -0.002831, -0.217684, -0.380266, -0.898894, -1.2e-05, 0.0, 0.0, 0.0, 1.0],
                [0.917854, 0.233458, -0.320998, 0.124994, 0.331799, -0.89514, 0.29771, -0.002831, -0.217836, -0.379761, -0.899071, -1.2e-05, 0.0, 0.0, 0.0, 1.0],
                [0.91787, 0.233452, -0.320958, 0.124994, 0.331653, -0.895362, 0.297203, -0.002831, -0.217991, -0.37924, -0.899253, -1.2e-05, 0.0, 0.0, 0.0, 1.0],
                [0.917886, 0.233446, -0.320916, 0.124994, 0.331504, -0.89559, 0.296683, -0.002831, -0.21815, -0.378705, -0.89944, -1.2e-05, 0.0, 0.0, 0.0, 1.0],
                [0.917902, 0.23344, -0.320874, 0.124994, 0.331351, -0.895823, 0.296149, -0.002831, -0.218313, -0.378158, -0.899631, -1.2e-05, 0.0, 0.0, 0.0, 1.0],
                [0.917919, 0.233434, -0.32083, 0.124994, 0.331195, -0.896061, 0.295604, -0.002831, -0.21848, -0.377597, -0.899826, -1.2e-05, 0.0, 0.0, 0.0, 1.0],
                [0.917936, 0.233429, -0.320785, 0.124994, 0.331036, -0.896304, 0.295045, -0.002831, -0.218649, -0.377024, -0.900025, -1.2e-05, 0.0, 0.0, 0.0, 1.0],
                [0.917953, 0.233424, -0.32074, 0.124994, 0.330874, -0.896551, 0.294475, -0.002831, -0.218822, -0.376439, -0.900228, -1.2e-05, 0.0, 0.0, 0.0, 1.0],
                [0.917971, 0.23342, -0.320693, 0.124994, 0.33071, -0.896802, 0.293895, -0.002831, -0.218997, -0.375842, -0.900435, -1.2e-05, 0.0, 0.0, 0.0, 1.0],
                [0.917989, 0.233416, -0.320645, 0.124994, 0.330542, -0.897058, 0.293303, -0.002831, -0.219176, -0.375235, -0.900644, -1.2e-05, 0.0, 0.0, 0.0, 1.0],
                [0.918006, 0.233412, -0.320596, 0.124994, 0.330373, -0.897317, 0.292701, -0.002831, -0.219357, -0.374617, -0.900858, -1.2e-05, 0.0, 0.0, 0.0, 1.0],
                [0.918025, 0.233409, -0.320547, 0.124994, 0.330201, -0.897579, 0.292089, -0.002831, -0.21954, -0.373989, -0.901074, -1.2e-05, 0.0, 0.0, 0.0, 1.0],
                [0.918043, 0.233407, -0.320496, 0.124994, 0.330027, -0.897845, 0.291469, -0.002831, -0.219725, -0.373352, -0.901293, -1.2e-05, 0.0, 0.0, 0.0, 1.0],
                [0.918061, 0.233405, -0.320445, 0.124994, 0.32985, -0.898114, 0.290839, -0.002831, -0.219913, -0.372707, -0.901514, -1.2e-05, 0.0, 0.0, 0.0, 1.0],
                [0.91808, 0.233404, -0.320393, 0.124994, 0.329673, -0.898385, 0.290201, -0.002831, -0.220102, -0.372052, -0.901738, -1.2e-05, 0.0, 0.0, 0.0, 1.0],
                [0.918098, 0.233403, -0.32034, 0.124994, 0.329493, -0.898659, 0.289556, -0.002831, -0.220294, -0.37139, -0.901965, -1.2e-05, 0.0, 0.0, 0.0, 1.0],
                [0.918117, 0.233403, -0.320287, 0.124994, 0.329312, -0.898936, 0.288903, -0.002831, -0.220486, -0.370721, -0.902193, -1.2e-05, 0.0, 0.0, 0.0, 1.0],
                [0.918136, 0.233404, -0.320232, 0.124994, 0.32913, -0.899214, 0.288244, -0.002831, -0.22068, -0.370044, -0.902423, -1.2e-05, 0.0, 0.0, 0.0, 1.0],
                [0.918154, 0.233405, -0.320178, 0.124994, 0.328946, -0.899494, 0.287579, -0.002831, -0.220876, -0.369362, -0.902655, -1.2e-05, 0.0, 0.0, 0.0, 1.0],
                [0.918173, 0.233407, -0.320122, 0.124994, 0.328762, -0.899776, 0.286907, -0.002831, -0.221072, -0.368674, -0.902888, -1.2e-05, 0.0, 0.0, 0.0, 1.0],
                [0.918192, 0.23341, -0.320066, 0.124994, 0.328576, -0.900059, 0.286231, -0.002831, -0.221269, -0.367981, -0.903122, -1.2e-05, 0.0, 0.0, 0.0, 1.0],
                [0.918211, 0.233413, -0.320009, 0.124994, 0.32839, -0.900343, 0.28555, -0.002831, -0.221467, -0.367282, -0.903358, -1.2e-05, 0.0, 0.0, 0.0, 1.0],
                [0.91823, 0.233418, -0.319952, 0.124994, 0.328203, -0.900629, 0.284865, -0.002831, -0.221666, -0.36658, -0.903595, -1.2e-05, 0.0, 0.0, 0.0, 1.0],
                [0.918249, 0.233422, -0.319895, 0.124994, 0.328016, -0.900914, 0.284176, -0.002831, -0.221865, -0.365875, -0.903832, -1.2e-05, 0.0, 0.0, 0.0, 1.0],
                [0.918268, 0.233428, -0.319837, 0.124994, 0.327829, -0.9012, 0.283485, -0.002831, -0.222064, -0.365166, -0.904069, -1.2e-05, 0.0, 0.0, 0.0, 1.0],
                [0.918286, 0.233434, -0.319778, 0.124994, 0.327641, -0.901486, 0.282791, -0.002831, -0.222263, -0.364455, -0.904307, -1.2e-05, 0.0, 0.0, 0.0, 1.0],
                [0.918305, 0.233441, -0.31972, 0.124994, 0.327454, -0.901773, 0.282094, -0.002831, -0.222462, -0.363742, -0.904545, -1.2e-05, 0.0, 0.0, 0.0, 1.0],
                [0.918323, 0.233449, -0.319661, 0.124994, 0.327267, -0.902058, 0.281397, -0.002831, -0.222661, -0.363027, -0.904783, -1.2e-05, 0.0, 0.0, 0.0, 1.0],
                [0.918342, 0.233457, -0.319602, 0.124994, 0.32708, -0.902344, 0.280699, -0.002831, -0.22286, -0.362312, -0.905021, -1.2e-05, 0.0, 0.0, 0.0, 1.0],
                [0.91836, 0.233466, -0.319542, 0.124994, 0.326893, -0.902628, 0.28, -0.002831, -0.223058, -0.361596, -0.905259, -1.2e-05, 0.0, 0.0, 0.0, 1.0],
                [0.918378, 0.233476, -0.319483, 0.124994, 0.326707, -0.902912, 0.279302, -0.002831, -0.223255, -0.360881, -0.905495, -1.2e-05, 0.0, 0.0, 0.0, 1.0],
                [0.918396, 0.233487, -0.319423, 0.124994, 0.326522, -0.903194, 0.278604, -0.002831, -0.223451, -0.360167, -0.905731, -1.2e-05, 0.0, 0.0, 0.0, 1.0],
                [0.918414, 0.233498, -0.319364, 0.124994, 0.326338, -0.903475, 0.277908, -0.002831, -0.223646, -0.359455, -0.905966, -1.2e-05, 0.0, 0.0, 0.0, 1.0],
