{
    "vertices": {
        "positions": {
            "stride": 3,
            "count": 122,
            "array": [0.25, 0.25, 1.500045, 0.25, -0.25, 1.500045, -0.25, -0.25, 1.500045, -0.25, 0.25, 1.500045, 0.25, 0.25, 2.000045, 0.25, -0.25, 2.000045, -0.25, -0.25, 2.000045, -0.25, 0.25, 2.000045, -0.062639, 0.0625, 4.4e-05, -0.062639, -0.0625, 4.4e-05, -0.187639, -0.0625, 4.4e-05, -0.187639, 0.0625, 4.4e-05, -0.062639, 0.0625, 0.750044, -0.062639, -0.0625, 0.750044, -0.187639, -0.0625, 0.750044, -0.187639, 0.0625, 0.750044, 0.374882, 0.0625, 0.750044, 0.374882, -0.0625, 0.750044, 0.249882, -0.0625, 0.750044, 0.249882, 0.0625, 0.750044, 0.374882, 0.0625, 1.500044, 0.374881, -0.0625, 1.500044, 0.249882, -0.0625, 1.500044, 0.249882, 0.0625, 1.500044, 0.25, 0.125, 0.750045, 0.25, -0.125, 0.750045, -0.25, -0.125, 0.750045, -0.25, 0.125, 0.750045, 0.25, 0.125, 1.500045, 0.25, -0.125, 1.500045, -0.25, -0.125, 1.500045, -0.25, 0.125, 1.500045, -0.062639, 0.0625, 0.375044, -0.062639, -0.0625, 0.375044, -0.187639, -0.0625, 0.375044, -0.187639, 0.0625, 0.375044, -0.062639, 0.0625, 0.375044, -0.187639, 0.0625, 0.375044, -0.187639, -0.0625, 0.375044, -0.062639, -0.0625, 0.375044, 0.188368, -0.0625, 0.375044, 0.063368, -0.0625, 0.375044, 0.063368, 0.0625, 0.375044, 0.188368, 0.0625, 0.375044, 0.063368, 0.0625, 0.375044, 0.063368, -0.0625, 0.375044, 0.188368, -0.0625, 0.375044, 0.188368, 0.0625, 0.375044, 0.063368, 0.0625, 0.750044, 0.063368, -0.0625, 0.750044, 0.188367, -0.0625, 0.750044, 0.188368, 0.0625, 0.750044, 0.063368, 0.0625, 4.4e-05, 0.063368, -0.0625, 4.4e-05, 0.188368, -0.0625, 4.4e-05, 0.188368, 0.0625, 4.4e-05, -0.250233, -0.0625, 1.125044, -0.375233, -0.0625, 1.125044, -0.375233, 0.0625, 1.125044, -0.250233, 0.0625, 1.125044, -0.375233, 0.0625, 1.125044, -0.375233, -0.0625, 1.125044, -0.250233, -0.0625, 1.125044, -0.250233, 0.0625, 1.125044, -0.375233, 0.0625, 1.500044, -0.375233, -0.0625, 1.500044, -0.250233, -0.0625, 1.500044, -0.250233, 0.0625, 1.500044, 0.374882, 0.0625, 1.125044, 0.374882, -0.0625, 1.125044, 0.249882, -0.0625, 1.125044, 0.249882, 0.0625, 1.125044, 0.25, 0.125, 0.875045, 0.25, 0.125, 1.000045, 0.25, 0.125, 1.125045, 0.25, 0.125, 1.250045, 0.25, 0.125, 1.375045, 0.25, -0.125, 0.875045, 0.25, -0.125, 1.000045, 0.25, -0.125, 1.125045, 0.25, -0.125, 1.250045, 0.25, -0.125, 1.375045, -0.25, -0.125, 0.875045, -0.25, -0.125, 1.000045, -0.25, -0.125, 1.125045, -0.25, -0.125, 1.250045, -0.25, -0.125, 1.375045, -0.25, 0.125, 0.875045, -0.25, 0.125, 1.000045, -0.25, 0.125, 1.125045, -0.25, 0.125, 1.250045, -0.25, 0.125, 1.375045, 0.0, 0.125, 0.750045, 0.0, -0.125, 0.750045, 0.0, 0.125, 1.500045, -0.0, -0.125, 1.500045, 0.0, 0.125, 1.375045, 0.0, 0.125, 1.250045, 0.0, 0.125, 1.125045, 0.0, 0.125, 1.000045, 0.0, 0.125, 0.875045, 0.0, -0.125, 0.875045, 0.0, -0.125, 1.000045, 0.0, -0.125, 1.125045, 0.0, -0.125, 1.250045, -0.0, -0.125, 1.375045, 0.374882, 0.0625, 1.125044, 0.249882, 0.0625, 1.125044, 0.249882, -0.0625, 1.125044, 0.374882, -0.0625, 1.125044, -0.375233, 0.0625, 0.750044, -0.375233, -0.0625, 0.750044, -0.250233, -0.0625, 0.750044, -0.250233, 0.0625, 0.750044, 0.275, 0.275, 1.475045, 0.275, -0.275, 1.475045, -0.275, -0.275, 1.475045, -0.275, 0.275, 1.475045, 0.275, 0.275, 2.025045, 0.275, -0.275, 2.025045, -0.275, -0.275, 2.025045, -0.275, 0.275, 2.025045]
        },
        "uvs": {
            "stride": 2,
            "count": 179,
            "array": [0.253125, 0.007031, 0.371875, 0.244531, 0.371875, 0.007031, 0.246875, 0.244531, 0.128125, 0.007031, 0.128125, 0.244531, 0.121875, 0.257031, 0.003125, 0.494531, 0.121875, 0.494531, 0.496875, 0.257031, 0.378125, 0.494531, 0.496875, 0.494531, 0.371875, 0.494531, 0.253125, 0.257031, 0.253125, 0.494531, 0.128125, 0.494531, 0.246875, 0.257031, 0.128125, 0.257031, 0.6875, 0.5, 0.656205, 0.5625, 0.65625, 0.5, 0.656582, 0.5628, 0.687377, 0.501611, 0.656641, 0.501562, 0.5, 0.625586, 0.562451, 0.50083, 0.5, 0.500928, 0.434375, 0.622656, 0.375, 0.503906, 0.375, 0.622656, 0.310937, 0.635156, 0.251562, 0.694531, 0.310937, 0.694531, 0.5625, 0.635156, 0.503125, 0.694531, 0.5625, 0.694531, 0.498437, 0.635156, 0.439062, 0.694531, 0.498437, 0.694531, 0.375, 0.991406, 0.434375, 0.932031, 0.375, 0.932031, 0.0625, 0.5, 0.031205, 0.5625, 0.03125, 0.5, 0.031582, 0.5628, 0.062377, 0.501611, 0.031641, 0.501562, 0.0625, 0.75, 0.09375, 0.5625, 0.0625, 0.5625, 0.09375, 0.75, 0.125, 0.5625, 0.0, 0.75, 0.0, 0.5625, 0.0625, 0.9375, 0.125, 0.9375, 0.09375, 0.9375, 0.03125, 0.9375, -4.5e-05, 0.9375, 0.062575, 0.75002, 0.093733, 0.5, 0.062488, 0.56308, 0.09368, 0.500919, 0.062617, 0.500917, 0.03125, 0.75, 0.687488, 0.56308, 0.71868, 0.500919, 0.687617, 0.500917, 0.718733, 0.5, 0.6875, 0.5625, 0.687575, 0.75002, 0.65625, 0.9375, 0.6875, 0.9375, 0.625, 0.75, 0.624955, 0.9375, 0.75, 0.9375, 0.71875, 0.75, 0.71875, 0.9375, 0.6875, 0.75, 0.625, 0.5625, 0.75, 0.5625, 0.71875, 0.5625, 0.65625, 0.75, 0.375, 0.694531, 0.434375, 0.635156, 0.375, 0.635156, 0.375, 0.753906, 0.434375, 0.694531, 0.375, 0.813281, 0.434375, 0.753906, 0.375, 0.872656, 0.434375, 0.813281, 0.434375, 0.872656, 0.498437, 0.932031, 0.439062, 0.991406, 0.498437, 0.991406, 0.498437, 0.872656, 0.439062, 0.932031, 0.439063, 0.813281, 0.439063, 0.872656, 0.498437, 0.753906, 0.498437, 0.813281, 0.439062, 0.753906, 0.5625, 0.932031, 0.503125, 0.991406, 0.5625, 0.991406, 0.5625, 0.872656, 0.503125, 0.932031, 0.5625, 0.813281, 0.503125, 0.872656, 0.5625, 0.753906, 0.503125, 0.813281, 0.503125, 0.753906, 0.310937, 0.932031, 0.251562, 0.991406, 0.310937, 0.991406, 0.310937, 0.872656, 0.251562, 0.932031, 0.310937, 0.813281, 0.251562, 0.872656, 0.310937, 0.753906, 0.251562, 0.813281, 0.251562, 0.753906, 0.621875, 0.694531, 0.621875, 0.753906, 0.621875, 0.813281, 0.621875, 0.872656, 0.621875, 0.932031, 0.621875, 0.991406, 0.315625, 0.932031, 0.315625, 0.872656, 0.315625, 0.813281, 0.315625, 0.753906, 0.315625, 0.694531, 0.315625, 0.635156, 0.315625, 0.991406, 0.621875, 0.635156, 0.315625, 0.503906, 0.315625, 0.622656, 0.437918, 0.501199, 0.875, 0.0, 0.75, 0.25, 0.875, 0.25, 0.625, 0.25, 0.75, 0.0, 0.625, 0.0, 0.5, 0.5, 0.625, 0.5, 1.0, 0.25, 0.875, 0.5, 1.0, 0.5, 0.75, 0.5, 0.253125, 0.244531, 0.246875, 0.007031, 0.003125, 0.257031, 0.378125, 0.257031, 0.371875, 0.257031, 0.246875, 0.494531, 0.687378, 0.562793, 0.562476, 0.625732, 0.434375, 0.503906, 0.251563, 0.635156, 0.503125, 0.635156, 0.439063, 0.635156, 0.434375, 0.991406, 0.062378, 0.562793, 0.093738, 0.75, 0.125, 0.75, 0.03125, 0.74986, 0.093732, 0.563413, 0.09375, 0.74986, 0.718732, 0.563413, 0.75, 0.75, 0.65625, 0.74986, 0.718738, 0.75, 0.71875, 0.74986, 0.437795, 0.625609, 0.5, 0.25]
        },
        "normals": {
            "stride": 3,
            "count": 6,
            "array": [0.0, 0.0, -1.0, 0.0, 0.0, 1.0, 1.0, 0.0, -0.0, -0.0, -1.0, -0.0, -1.0, 0.0, 0.0, 0.0, 1.0, 0.0]
        },
        "indices": {
            "stride": 3,
            "count": 600,
            "array": [0, 0, 0, 2, 1, 0, 3, 2, 0, 7, 3, 1, 5, 4, 1, 4, 5, 1, 4, 6, 2, 1, 7, 2, 0, 8, 2, 5, 9, 3, 2, 10, 3, 1, 11, 3, 2, 12, 4, 7, 13, 4, 3, 14, 4, 0, 15, 5, 7, 16, 5, 4, 17, 5, 17, 18, 0, 19, 19, 0, 16, 20, 0, 20, 21, 1, 22, 22, 1, 21, 23, 1, 93, 24, 0, 27, 25, 0, 92, 26, 0, 31, 27, 1, 95, 28, 1, 94, 29, 1, 28, 30, 2, 81, 31, 2, 76, 32, 2, 95, 33, 3, 86, 34, 3, 105, 35, 3, 30, 36, 4, 91, 37, 4, 86, 38, 4, 92, 39, 5, 87, 40, 5, 100, 41, 5, 9, 42, 0, 11, 43, 0, 8, 44, 0, 12, 45, 1, 14, 46, 1, 13, 47, 1, 33, 48, 2, 12, 49, 2, 13, 50, 2, 34, 51, 3, 13, 52, 3, 14, 49, 3, 35, 53, 4, 14, 43, 4, 15, 54, 4, 12, 43, 5, 35, 48, 5, 15, 50, 5, 9, 55, 2, 36, 51, 2, 39, 48, 2, 9, 56, 3, 38, 51, 3, 10, 57, 3, 10, 58, 4, 37, 53, 4, 11, 59, 4, 37, 60, 5, 8, 58, 5, 11, 55, 5, 38, 61, 1, 36, 50, 1, 37, 42, 1, 32, 62, 0, 34, 63, 0, 35, 64, 0, 47, 62, 0, 45, 63, 0, 44, 64, 0, 41, 61, 1, 43, 50, 1, 42, 42, 1, 42, 60, 5, 55, 58, 5, 52, 55, 5, 53, 57, 4, 42, 48, 4, 52, 55, 4, 54, 56, 3, 41, 51, 3, 53, 57, 3, 54, 59, 2, 43, 65, 2, 40, 53, 2, 51, 43, 5, 44, 48, 5, 48, 50, 5, 44, 48, 4, 49, 49, 4, 48, 50, 4, 45, 51, 3, 50, 52, 3, 49, 49, 3, 46, 53, 2, 51, 43, 2, 50, 54, 2, 51, 45, 1, 49, 46, 1, 50, 47, 1, 54, 42, 0, 52, 43, 0, 55, 44, 0, 63, 66, 0, 61, 67, 0, 60, 68, 0, 57, 69, 1, 59, 70, 1, 58, 18, 1, 58, 71, 5, 113, 72, 5, 110, 73, 5, 111, 72, 4, 58, 74, 4, 110, 75, 4, 112, 76, 3, 57, 77, 3, 111, 78, 3, 112, 73, 2, 59, 77, 2, 56, 79, 2, 67, 19, 5, 60, 79, 5, 64, 70, 5, 60, 74, 4, 65, 19, 4, 64, 80, 4, 61, 77, 3, 66, 81, 3, 65, 82, 3, 62, 79, 2, 67, 82, 2, 66, 70, 2, 69, 74, 2, 20, 19, 2, 21, 80, 2, 70, 77, 3, 21, 81, 3, 22, 82, 3, 71, 79, 4, 22, 82, 4, 23, 70, 4, 20, 19, 5, 71, 79, 5, 23, 70, 5, 17, 75, 2, 106, 83, 2, 109, 74, 2, 17, 76, 3, 108, 77, 3, 18, 78, 3, 18, 78, 4, 107, 79, 4, 19, 73, 4, 107, 71, 5, 16, 72, 5, 19, 73, 5, 96, 84, 5, 31, 85, 5, 94, 86, 5, 97, 87, 5, 91, 88, 5, 96, 84, 5, 98, 89, 5, 90, 90, 5, 97, 87, 5, 99, 91, 5, 89, 92, 5, 98, 89, 5, 100, 41, 5, 88, 93, 5, 99, 91, 5, 82, 94, 4, 27, 95, 4, 26, 96, 4, 83, 97, 4, 87, 98, 4, 82, 94, 4, 83, 97, 4, 89, 99, 4, 88, 100, 4, 85, 101, 4, 89, 99, 4, 84, 102, 4, 86, 38, 4, 90, 103, 4, 85, 101, 4, 101, 104, 3, 26, 105, 3, 93, 106, 3, 102, 107, 3, 82, 108, 3, 101, 104, 3, 103, 109, 3, 83, 110, 3, 102, 107, 3, 104, 111, 3, 84, 112, 3, 103, 109, 3, 105, 35, 3, 85, 113, 3, 104, 111, 3, 72, 114, 2, 25, 115, 2, 24, 116, 2, 73, 117, 2, 77, 118, 2, 72, 114, 2, 74, 119, 2, 78, 120, 2, 73, 117, 2, 75, 121, 2, 79, 122, 2, 74, 119, 2, 76, 32, 2, 80, 123, 2, 75, 121, 2, 81, 124, 3, 104, 111, 3, 80, 125, 3, 80, 125, 3, 103, 109, 3, 79, 126, 3, 79, 126, 3, 102, 107, 3, 78, 127, 3, 78, 127, 3, 101, 104, 3, 77, 128, 3, 77, 128, 3, 93, 106, 3, 25, 129, 3, 72, 130, 5, 99, 91, 5, 73, 131, 5, 73, 131, 5, 98, 89, 5, 74, 132, 5, 74, 132, 5, 97, 87, 5, 75, 133, 5, 75, 133, 5, 96, 84, 5, 76, 134, 5, 76, 134, 5, 94, 86, 5, 28, 135, 5, 24, 136, 5, 100, 41, 5, 72, 130, 5, 29, 137, 3, 105, 35, 3, 81, 124, 3, 94, 29, 1, 29, 138, 1, 28, 139, 1, 24, 140, 0, 93, 24, 0, 92, 26, 0, 108, 69, 1, 106, 70, 1, 107, 18, 1, 67, 21, 1, 65, 22, 1, 66, 23, 1, 68, 66, 0, 70, 67, 0, 71, 68, 0, 112, 18, 0, 110, 19, 0, 113, 20, 0, 114, 141, 0, 116, 142, 0, 117, 143, 0, 118, 144, 1, 120, 145, 1, 119, 146, 1, 118, 144, 2, 115, 147, 2, 114, 148, 2, 119, 149, 3, 116, 150, 3, 115, 151, 3, 120, 143, 4, 117, 152, 4, 116, 150, 4, 114, 148, 5, 121, 142, 5, 118, 144, 5, 0, 0, 0, 1, 153, 0, 2, 1, 0, 7, 3, 1, 6, 154, 1, 5, 4, 1, 4, 6, 2, 5, 155, 2, 1, 7, 2, 5, 9, 3, 6, 156, 3, 2, 10, 3, 2, 12, 4, 6, 157, 4, 7, 13, 4, 0, 15, 5, 3, 158, 5, 7, 16, 5, 17, 18, 0, 18, 70, 0, 19, 19, 0, 20, 21, 1, 23, 159, 1, 22, 22, 1, 93, 24, 0, 26, 160, 0, 27, 25, 0, 31, 27, 1, 30, 161, 1, 95, 28, 1, 28, 30, 2, 29, 162, 2, 81, 31, 2, 95, 33, 3, 30, 163, 3, 86, 34, 3, 30, 36, 4, 31, 164, 4, 91, 37, 4, 92, 39, 5, 27, 165, 5, 87, 40, 5, 9, 42, 0, 10, 50, 0, 11, 43, 0, 12, 45, 1, 15, 166, 1, 14, 46, 1, 33, 48, 2, 32, 167, 2, 12, 49, 2, 34, 51, 3, 33, 168, 3, 13, 52, 3, 35, 53, 4, 34, 169, 4, 14, 43, 4, 12, 43, 5, 32, 65, 5, 35, 48, 5, 9, 55, 2, 8, 57, 2, 36, 51, 2, 9, 56, 3, 39, 168, 3, 38, 51, 3, 10, 58, 4, 38, 65, 4, 37, 53, 4, 37, 60, 5, 36, 65, 5, 8, 58, 5, 38, 61, 1, 39, 49, 1, 36, 50, 1, 32, 62, 0, 33, 170, 0, 34, 63, 0, 47, 62, 0, 46, 170, 0, 45, 63, 0, 41, 61, 1, 40, 49, 1, 43, 50, 1, 42, 60, 5, 43, 65, 5, 55, 58, 5, 53, 57, 4, 41, 51, 4, 42, 48, 4, 54, 56, 3, 40, 168, 3, 41, 51, 3, 54, 59, 2, 55, 58, 2, 43, 65, 2, 51, 43, 5, 47, 65, 5, 44, 48, 5, 44, 48, 4, 45, 171, 4, 49, 49, 4, 45, 51, 3, 46, 168, 3, 50, 52, 3, 46, 53, 2, 47, 65, 2, 51, 43, 2, 51, 45, 1, 48, 166, 1, 49, 46, 1, 54, 42, 0, 53, 50, 0, 52, 43, 0, 63, 66, 0, 62, 172, 0, 61, 67, 0, 57, 69, 1, 56, 82, 1, 59, 70, 1, 58, 71, 5, 59, 83, 5, 113, 72, 5, 111, 72, 4, 57, 83, 4, 58, 74, 4, 112, 76, 3, 56, 173, 3, 57, 77, 3, 112, 73, 2, 113, 78, 2, 59, 77, 2, 67, 19, 5, 63, 83, 5, 60, 79, 5, 60, 74, 4, 61, 174, 4, 65, 19, 4, 61, 77, 3, 62, 173, 3, 66, 81, 3, 62, 79, 2, 63, 175, 2, 67, 82, 2, 69, 74, 2, 68, 83, 2, 20, 19, 2, 70, 77, 3, 69, 173, 3, 21, 81, 3, 71, 79, 4, 70, 176, 4, 22, 82, 4, 20, 19, 5, 68, 83, 5, 71, 79, 5, 17, 75, 2, 16, 72, 2, 106, 83, 2, 17, 76, 3, 109, 173, 3, 108, 77, 3, 18, 78, 4, 108, 77, 4, 107, 79, 4, 107, 71, 5, 106, 83, 5, 16, 72, 5, 96, 84, 5, 91, 88, 5, 31, 85, 5, 97, 87, 5, 90, 90, 5, 91, 88, 5, 98, 89, 5, 89, 92, 5, 90, 90, 5, 99, 91, 5, 88, 93, 5, 89, 92, 5, 100, 41, 5, 87, 40, 5, 88, 93, 5, 82, 94, 4, 87, 98, 4, 27, 95, 4, 83, 97, 4, 88, 100, 4, 87, 98, 4, 83, 97, 4, 84, 102, 4, 89, 99, 4, 85, 101, 4, 90, 103, 4, 89, 99, 4, 86, 38, 4, 91, 37, 4, 90, 103, 4, 101, 104, 3, 82, 108, 3, 26, 105, 3, 102, 107, 3, 83, 110, 3, 82, 108, 3, 103, 109, 3, 84, 112, 3, 83, 110, 3, 104, 111, 3, 85, 113, 3, 84, 112, 3, 105, 35, 3, 86, 34, 3, 85, 113, 3, 72, 114, 2, 77, 118, 2, 25, 115, 2, 73, 117, 2, 78, 120, 2, 77, 118, 2, 74, 119, 2, 79, 122, 2, 78, 120, 2, 75, 121, 2, 80, 123, 2, 79, 122, 2, 76, 32, 2, 81, 31, 2, 80, 123, 2, 81, 124, 3, 105, 35, 3, 104, 111, 3, 80, 125, 3, 104, 111, 3, 103, 109, 3, 79, 126, 3, 103, 109, 3, 102, 107, 3, 78, 127, 3, 102, 107, 3, 101, 104, 3, 77, 128, 3, 101, 104, 3, 93, 106, 3, 72, 130, 5, 100, 41, 5, 99, 91, 5, 73, 131, 5, 99, 91, 5, 98, 89, 5, 74, 132, 5, 98, 89, 5, 97, 87, 5, 75, 133, 5, 97, 87, 5, 96, 84, 5, 76, 134, 5, 96, 84, 5, 94, 86, 5, 24, 136, 5, 92, 39, 5, 100, 41, 5, 29, 137, 3, 95, 33, 3, 105, 35, 3, 94, 29, 1, 95, 28, 1, 29, 138, 1, 24, 140, 0, 25, 177, 0, 93, 24, 0, 108, 69, 1, 109, 82, 1, 106, 70, 1, 67, 21, 1, 64, 159, 1, 65, 22, 1, 68, 66, 0, 69, 172, 0, 70, 67, 0, 112, 18, 0, 111, 70, 0, 110, 19, 0, 114, 141, 0, 115, 145, 0, 116, 142, 0, 118, 144, 1, 121, 142, 1, 120, 145, 1, 118, 144, 2, 119, 178, 2, 115, 147, 2, 119, 149, 3, 120, 143, 3, 116, 150, 3, 120, 143, 4, 121, 142, 4, 117, 152, 4, 114, 148, 5, 117, 152, 5, 121, 142, 5]
        },
        "vcounts": {
            "stride": 1,
            "count": 122,
            "array": [1, 1, 1, 1, 1, 2, 1, 3, 1, 1, 1, 1, 1, 1, 1, 1, 1, 1, 1, 1, 1, 1, 1, 1, 1, 1, 1, 1, 1, 1, 1, 1, 1, 1, 1, 1, 1, 1, 1, 1, 1, 1, 1, 1, 1, 1, 1, 1, 1, 1, 1, 1, 1, 1, 1, 1, 1, 1, 1, 1, 1, 1, 1, 1, 1, 1, 1, 1, 1, 1, 1, 1, 2, 2, 2, 2, 2, 2, 2, 2, 2, 2, 2, 2, 2, 2, 2, 2, 2, 2, 2, 2, 1, 1, 1, 1, 2, 2, 2, 2, 2, 2, 2, 2, 2, 2, 1, 1, 1, 1, 1, 1, 1, 1, 1, 1, 1, 1, 1, 1, 1, 2]
        },
        "weights": {
            "stride": 1,
            "count": 39,
            "array": [1.0, 0.9944, 0.0056, 0.9899, 0.005, 0.0051, 0.746, 0.254, 0.7461, 0.2539, 0.5019, 0.4981, 0.2558, 0.7442, 0.23, 0.77, 0.7457, 0.2543, 0.7456, 0.2544, 0.5017, 0.4983, 0.2561, 0.7439, 0.2355, 0.7645, 0.5018, 0.4982, 0.2562, 0.7438, 0.2329, 0.7671, 0.2327, 0.7673, 0.7686, 0.2314, 0.7658, 0.2342, 0.9949]
        },
        "vindices": {
            "stride": 1,
            "count": 312,
            "array": [9, 0, 9, 0, 9, 0, 9, 0, 9, 0, 9, 1, 15, 2, 9, 0, 9, 3, 10, 4, 15, 5, 5, 0, 5, 0, 5, 0, 5, 0, 4, 0, 4, 0, 4, 0, 4, 0, 12, 0, 12, 0, 12, 0, 12, 0, 11, 0, 11, 0, 11, 0, 11, 0, 7, 0, 7, 0, 7, 0, 7, 0, 8, 0, 8, 0, 8, 0, 8, 0, 4, 0, 4, 0, 4, 0, 4, 0, 5, 0, 5, 0, 5, 0, 5, 0, 2, 0, 2, 0, 2, 0, 2, 0, 1, 0, 1, 0, 1, 0, 1, 0, 1, 0, 1, 0, 1, 0, 1, 0, 2, 0, 2, 0, 2, 0, 2, 0, 17, 0, 17, 0, 17, 0, 17, 0, 16, 0, 16, 0, 16, 0, 16, 0, 16, 0, 16, 0, 16, 0, 16, 0, 11, 0, 11, 0, 11, 0, 11, 0, 7, 6, 8, 7, 7, 8, 8, 9, 7, 10, 8, 11, 7, 12, 8, 13, 7, 14, 8, 15, 7, 16, 8, 17, 7, 18, 8, 19, 7, 20, 8, 21, 7, 22, 8, 23, 7, 24, 8, 25, 7, 16, 8, 17, 7, 16, 8, 17, 7, 26, 8, 27, 7, 28, 8, 29, 7, 30, 8, 31, 7, 6, 8, 7, 7, 6, 8, 7, 7, 20, 8, 21, 7, 12, 8, 13, 7, 32, 8, 33, 7, 0, 7, 0, 8, 0, 8, 0, 8, 34, 7, 35, 8, 13, 7, 12, 8, 27, 7, 26, 8, 7, 7, 6, 8, 7, 7, 6, 8, 17, 7, 16, 8, 17, 7, 16, 8, 27, 7, 26, 8, 29, 7, 28, 8, 36, 7, 37, 12, 0, 12, 0, 12, 0, 12, 0, 17, 0, 17, 0, 17, 0, 17, 0, 9, 0, 9, 0, 9, 0, 9, 0, 9, 0, 9, 0, 9, 0, 9, 38, 15, 5]
        }
    },
    "armature": {
        "joints": ["Root", "Thigh_R", "Leg_R", "Knee_R", "Thigh_L", "Leg_L", "Knee_L", "Torso", "Chest", "Head", "Shoulder_R", "Arm_R", "Hand_R", "Tool_R", "Elbow_R", "Shoulder_L", "Arm_L", "Hand_L", "Tool_L", "Elbow_L"],
        "hierarchy": [
            {
                "name": "Root",
                "transform": [1.0, 0.0, 0.0, -5e-06, 0.0, 0.0, -1.0, 0.000946, 0.0, 1.0, 0.0, 0.763972, 0.0, 0.0, 0.0, 1.0],
                "children": [
                    {
                        "name": "Thigh_R",
                        "transform": [1.0, -0.0, -0.0, 0.124994, 0.0, -1.0, 1e-06, -0.002831, -0.0, -0.0, -1.0, -1.2e-05, 0.0, 0.0, 0.0, 1.0],
                        "children": [
                            {
                                "name": "Leg_R",
                                "transform": [1.0, 0.0, 1e-06, 0.0, -0.0, 1.0, 0.0, 0.37472, -1e-06, -0.0, 1.0, 0.0, 0.0, 0.0, 0.0, 1.0],
                                "children": []
                            },
                            {
                                "name": "Knee_R",
                                "transform": [1.0, 0.0, -0.0, 0.0, -0.0, 1e-06, -1.0, 0.37472, -0.0, 1.0, 1e-06, 0.0, 0.0, 0.0, 0.0, 1.0],
                                "children": []
                            }
                        ]
                    },
                    {
                        "name": "Thigh_L",
                        "transform": [1.0, -0.0, -0.0, -0.125006, 0.0, -1.0, 1e-06, -0.002831, -0.0, -0.0, -1.0, -1.2e-05, 0.0, 0.0, 0.0, 1.0],
                        "children": [
                            {
                                "name": "Leg_L",
                                "transform": [1.0, 0.0, 1e-06, -0.0, -0.0, 1.0, 0.0, 0.37472, -1e-06, -0.0, 1.0, 0.0, 0.0, 0.0, 0.0, 1.0],
                                "children": []
                            },
                            {
                                "name": "Knee_L",
                                "transform": [1.0, 0.0, -0.0, -0.0, -0.0, 1e-06, -1.0, 0.37472, -0.0, 1.0, 1e-06, 0.0, 0.0, 0.0, 0.0, 1.0],
                                "children": []
                            }
                        ]
                    },
                    {
                        "name": "Torso",
                        "transform": [1.0, 0.0, 0.0, 0.0, 0.0, 1.0, 0.0, 0.05, 0.0, 0.0, 1.0, 0.0, 0.0, 0.0, 0.0, 1.0],
                        "children": [
                            {
                                "name": "Chest",
                                "transform": [1.0, 0.0, 0.0, 0.0, 0.0, 1.0, 0.0, 0.3, 0.0, 0.0, 1.0, 0.0, 0.0, 0.0, 0.0, 1.0],
                                "children": [
                                    {
                                        "name": "Head",
                                        "transform": [1.0, 0.0, 0.0, 0.0, 0.0, 1.0, 0.0, 0.4, 0.0, 0.0, 1.0, 0.0, 0.0, 0.0, 0.0, 1.0],
                                        "children": []
                                    },
                                    {
                                        "name": "Shoulder_R",
                                        "transform": [-0.0, 0.932661, 0.360754, 0.0, -0.0, -0.360754, 0.932661, 0.4, 1.0, 0.0, 0.0, 0.0, 0.0, 0.0, 0.0, 1.0],
                                        "children": [
                                            {
                                                "name": "Arm_R",
                                                "transform": [0.0, 0.0, -1.0, 0.0, 0.932661, 0.360754, 0.0, 0.333802, 0.360754, -0.932661, 0.0, 0.0, 0.0, 0.0, 0.0, 1.0],
                                                "children": [
                                                    {
                                                        "name": "Hand_R",
                                                        "transform": [1.0, 0.0, -0.0, 0.0, -0.0, 1.0, 0.0, 0.3, 0.0, -0.0, 1.0, 0.0, 0.0, 0.0, 0.0, 1.0],
                                                        "children": [
                                                            {
                                                                "name": "Tool_R",
                                                                "transform": [1.0, 0.0, 0.0, 0.0, 0.0, -1.0, 0.0, 0.271204, 0.0, -0.0, -1.0, -0.0, 0.0, 0.0, 0.0, 1.0],
                                                                "children": []
                                                            }
                                                        ]
                                                    },
                                                    {
                                                        "name": "Elbow_R",
                                                        "transform": [-1.0, 0.0, -0.0, 0.0, 0.0, -0.0, -1.0, 0.3, -0.0, -1.0, 0.0, 0.0, 0.0, 0.0, 0.0, 1.0],
                                                        "children": []
                                                    }
                                                ]
                                            }
                                        ]
                                    },
                                    {
                                        "name": "Shoulder_L",
                                        "transform": [-0.0, -0.932661, -0.360754, 0.0, 0.0, -0.360754, 0.932661, 0.4, -1.0, 0.0, 0.0, 0.0, 0.0, 0.0, 0.0, 1.0],
                                        "children": [
                                            {
                                                "name": "Arm_L",
                                                "transform": [-0.0, -0.0, 1.0, 0.0, -0.932661, 0.360754, -0.0, 0.333802, -0.360754, -0.932661, -0.0, -0.0, 0.0, 0.0, 0.0, 1.0],
                                                "children": [
                                                    {
                                                        "name": "Hand_L",
                                                        "transform": [1.0, -0.0, 0.0, 0.0, 0.0, 1.0, 0.0, 0.3, -0.0, -0.0, 1.0, -0.0, 0.0, 0.0, 0.0, 1.0],
                                                        "children": [
                                                            {
                                                                "name": "Tool_L",
                                                                "transform": [1.0, 0.0, 0.0, -0.0, 0.0, -1.0, 0.0, 0.271204, 0.0, -0.0, -1.0, -0.0, 0.0, 0.0, 0.0, 1.0],
                                                                "children": []
                                                            }
                                                        ]
                                                    },
                                                    {
                                                        "name": "Elbow_L",
                                                        "transform": [-1.0, 0.0, -0.0, 0.0, 0.0, -0.0, -1.0, 0.3, -0.0, -1.0, 0.0, -0.0, 0.0, 0.0, 0.0, 1.0],
                                                        "children": []
                                                    }
                                                ]
                                            }
                                        ]
                                    }
                                ]
                            }
                        ]
                    }
                ]
            }
        ]
    },
    "animation": [
        {
            "name": "Root",
            "time": [0.0, 0.2667, 0.3167, 0.3667, 0.4333, 0.75],
            "transform": [
                [0.465306, 0.0, -0.88515, -5e-06, -0.88515, 0.0, -0.465306, 0.000946, 0.0, 1.0, 0.0, 0.650033, 0.0, 0.0, 0.0, 1.0],
                [0.601358, 0.0, -0.79898, -0.003198, -0.794903, 0.100882, -0.59829, 0.156641, 0.080603, 0.994898, 0.060666, 0.542686, 0.0, 0.0, 0.0, 1.0],
                [0.961171, -0.078645, -0.264511, -0.01386, -0.256551, 0.098414, -0.961507, 0.358498, 0.101649, 0.992033, 0.074416, 0.586649, 0.0, 0.0, 0.0, 1.0],
                [0.980963, -0.06591, 0.182669, -0.024523, 0.184183, 0.017614, -0.982734, 0.590227, 0.061555, 0.99767, 0.029418, 0.615051, 0.0, 0.0, 0.0, 1.0],
                [0.87801, 0.0, 0.478643, -5e-06, 0.478643, 0.0, -0.87801, 0.700946, 0.0, 1.0, 0.0, 0.604293, 0.0, 0.0, 0.0, 1.0],
                [0.721276, 0.0, 0.692648, -5e-06, 0.692648, 0.0, -0.721276, 0.700946, 0.0, 1.0, 0.0, 0.586409, 0.0, 0.0, 0.0, 1.0]
            ]
        },
        {
            "name": "Thigh_R",
            "time": [0.0, 0.2667, 0.3167, 0.3667, 0.4333, 0.75],
            "transform": [
                [0.94376, 0.32261, 0.07235, 0.124994, 0.264641, -0.868276, 0.419591, -0.002831, 0.198184, -0.376847, -0.904823, -1.2e-05, 0.0, 0.0, 0.0, 1.0],
                [0.875715, 0.482294, -0.022583, 0.124994, 0.434259, -0.766325, 0.473454, -0.002831, 0.211038, -0.424419, -0.880525, -1.2e-05, 0.0, 0.0, 0.0, 1.0],
                [0.944612, 0.313792, 0.096114, 0.124994, 0.211311, -0.80563, 0.553445, -0.002831, 0.2511, -0.502482, -0.827318, -1.2e-05, 0.0, 0.0, 0.0, 1.0],
                [0.9586, 0.255669, 0.125357, 0.124994, 0.118718, -0.759001, 0.640171, -0.002831, 0.258818, -0.598787, -0.757933, -1.2e-05, 0.0, 0.0, 0.0, 1.0],
                [0.941318, 0.335329, 0.038331, 0.124994, 0.216629, -0.687353, 0.693262, -0.002831, 0.258818, -0.644278, -0.719663, -1.2e-05, 0.0, 0.0, 0.0, 1.0],
                [0.904582, 0.426074, -0.013712, 0.124994, 0.338734, -0.698878, 0.629939, -0.002831, 0.258819, -0.574477, -0.776521, -1.2e-05, 0.0, 0.0, 0.0, 1.0]
            ]
        },
        {
            "name": "Leg_R",
            "time": [0.0, 0.2667, 0.3167, 0.3667, 0.4333, 0.75],
            "transform": [
                [1.000001, -0.0, 1e-06, -0.0, -0.0, 0.843555, 0.537044, 0.37472, -1e-06, -0.537043, 0.843556, 0.0, 0.0, 0.0, 0.0, 1.0],
                [1.000001, -0.0, 1e-06, -0.0, -0.0, 0.635956, 0.771727, 0.37472, -1e-06, -0.771726, 0.635957, 0.0, 0.0, 0.0, 0.0, 1.0],
                [1.000001, -0.0, 1e-06, 0.0, -0.0, 0.551663, 0.834069, 0.37472, -1e-06, -0.834068, 0.551664, 0.0, 0.0, 0.0, 0.0, 1.0],
                [1.000001, -0.0, 1e-06, -0.0, -0.0, 0.630627, 0.776088, 0.37472, -1e-06, -0.776087, 0.630627, 0.0, 0.0, 0.0, 0.0, 1.0],
                [1.000001, -0.0, 1e-06, 0.0, -0.0, 0.584359, 0.811496, 0.37472, -1e-06, -0.811496, 0.584359, 0.0, 0.0, 0.0, 0.0, 1.0],
                [1.000002, -0.0, 1e-06, -0.0, -0.0, 0.595614, 0.803272, 0.37472, -1e-06, -0.803271, 0.595615, -0.0, 0.0, 0.0, 0.0, 1.0]
            ]
        },
        {
            "name": "Knee_R",
            "time": [0.0, 0.2667, 0.3667, 0.4333, 0.75],
            "transform": [
                [1.0, 0.0, -0.0, -0.0, -0.0, 1e-06, -1.0, 0.37472, -0.0, 1.0, 1e-06, 0.0, 0.0, 0.0, 0.0, 1.0],
                [1.0, 0.0, -0.0, -0.0, -0.0, 1e-06, -1.0, 0.37472, -0.0, 1.0, 1e-06, 0.0, 0.0, 0.0, 0.0, 1.0],
                [1.0, 0.0, -0.0, -0.0, -0.0, 1e-06, -1.0, 0.37472, -0.0, 1.0, 1e-06, 0.0, 0.0, 0.0, 0.0, 1.0],
                [1.0, 0.0, -0.0, 0.0, -0.0, 1e-06, -1.0, 0.37472, -0.0, 1.0, 1e-06, 0.0, 0.0, 0.0, 0.0, 1.0],
                [1.0, 0.0, -0.0, -0.0, -0.0, 1e-06, -1.0, 0.37472, -0.0, 1.0, 1e-06, -0.0, 0.0, 0.0, 0.0, 1.0]
            ]
        },
        {
            "name": "Thigh_L",
            "time": [0.0, 0.2667, 0.3167, 0.3667, 0.4333, 0.75],
            "transform": [
                [0.924085, -0.349495, -0.154654, -0.125006, -0.285531, -0.900314, 0.328485, -0.002831, -0.254042, -0.259389, -0.93176, -1.2e-05, 0.0, 0.0, 0.0, 1.0],
                [0.943004, -0.321628, -0.085421, -0.125006, -0.211012, -0.776403, 0.593856, -0.002831, -0.257324, -0.541984, -0.80002, -1.2e-05, 0.0, 0.0, 0.0, 1.0],
                [0.985108, -0.171782, 0.007201, -0.125006, -0.159402, -0.896816, 0.412682, -0.002831, -0.064434, -0.407684, -0.910844, -1.2e-05, 0.0, 0.0, 0.0, 1.0],
                [0.968125, -0.131061, 0.213436, -0.125006, -0.128224, -0.991371, -0.027146, -0.002831, 0.215153, -0.001086, -0.976578, -1.2e-05, 0.0, 0.0, 0.0, 1.0],
                [0.939676, -0.247128, 0.236506, -0.125006, -0.223652, -0.967021, -0.121848, -0.002831, 0.258819, 0.061603, -0.963959, -1.2e-05, 0.0, 0.0, 0.0, 1.0],
                [0.887049, -0.369498, 0.276792, -0.125006, -0.382303, -0.923997, -0.008289, -0.002831, 0.258819, -0.098465, -0.960894, -1.2e-05, 0.0, 0.0, 0.0, 1.0]
            ]
        },
        {
            "name": "Leg_L",
            "time": [0.0, 0.2667, 0.3167, 0.3667, 0.4333, 0.75],
            "transform": [
                [0.999999, -0.0, 1e-06, 0.0, -0.0, 0.752021, 0.65914, 0.37472, -1e-06, -0.659138, 0.752023, 0.0, 0.0, 0.0, 0.0, 1.0],
                [0.999999, -1e-06, 0.0, 0.0, -0.0, 0.155714, 0.987803, 0.37472, -1e-06, -0.987803, 0.155713, 0.0, 0.0, 0.0, 0.0, 1.0],
                [0.999999, -1e-06, 0.0, 0.0, -0.0, 0.359788, 0.933035, 0.37472, -1e-06, -0.933035, 0.359788, -0.0, 0.0, 0.0, 0.0, 1.0],
                [0.999999, -0.0, 1e-06, -0.0, -0.0, 0.696472, 0.717586, 0.37472, -1e-06, -0.717584, 0.696473, 0.0, 0.0, 0.0, 0.0, 1.0],
                [0.999999, -0.0, 1e-06, 0.0, -0.0, 0.799132, 0.601158, 0.37472, -1e-06, -0.601157, 0.799133, 0.0, 0.0, 0.0, 0.0, 1.0],
                [1.0, -0.0, 1e-06, -0.0, -0.0, 0.726937, 0.686706, 0.37472, -1e-06, -0.686704, 0.726939, -0.0, 0.0, 0.0, 0.0, 1.0]
            ]
        },
        {
            "name": "Knee_L",
            "time": [0.0, 0.2667, 0.3667, 0.4333, 0.75],
            "transform": [
                [1.0, 0.0, -0.0, 0.0, -0.0, 1e-06, -1.0, 0.37472, -0.0, 1.0, 1e-06, 0.0, 0.0, 0.0, 0.0, 1.0],
                [1.0, 0.0, -0.0, 0.0, -0.0, 1e-06, -1.0, 0.37472, -0.0, 1.0, 1e-06, 0.0, 0.0, 0.0, 0.0, 1.0],
                [1.0, 0.0, -0.0, -0.0, -0.0, 1e-06, -1.0, 0.37472, -0.0, 1.0, 1e-06, 0.0, 0.0, 0.0, 0.0, 1.0],
                [1.0, 0.0, -0.0, 0.0, -0.0, 1e-06, -1.0, 0.37472, -0.0, 1.0, 1e-06, 0.0, 0.0, 0.0, 0.0, 1.0],
                [1.0, 0.0, -0.0, -0.0, -0.0, 1e-06, -1.0, 0.37472, -0.0, 1.0, 1e-06, -0.0, 0.0, 0.0, 0.0, 1.0]
            ]
        },
        {
            "name": "Torso",
            "time": [0.0, 0.2667, 0.3167, 0.3667, 0.4333, 0.75],
            "transform": [
                [0.998815, -0.048664, 7.8e-05, 0.0, 0.048662, 0.998778, 0.008589, 0.05, -0.000496, -0.008575, 0.999963, -0.0, 0.0, 0.0, 0.0, 1.0],
                [0.985017, -0.171926, -0.013523, -0.0, 0.171064, 0.983999, -0.049824, 0.05, 0.021873, 0.046764, 0.998666, 0.0, 0.0, 0.0, 0.0, 1.0],
                [0.999031, -0.042999, -0.009335, -0.0, 0.042407, 0.997509, -0.056368, 0.05, 0.011736, 0.055918, 0.998366, 0.0, 0.0, 0.0, 0.0, 1.0],
                [0.999692, -0.02449, -0.003882, 0.0, 0.024218, 0.997963, -0.059025, 0.05, 0.00532, 0.058913, 0.998249, -0.0, 0.0, 0.0, 0.0, 1.0],
                [0.998553, 0.053698, -0.002603, 0.0, -0.053646, 0.998412, 0.017166, 0.05, 0.00352, -0.017001, 0.999849, 0.0, 0.0, 0.0, 0.0, 1.0],
                [0.999927, 0.011974, -0.001718, -0.0, -0.012055, 0.998154, -0.05952, 0.05, 0.001002, 0.059537, 0.998226, 0.0, 0.0, 0.0, 0.0, 1.0]
            ]
        },
        {
            "name": "Chest",
            "time": [0.0, 0.2667, 0.3667, 0.4333, 0.75],
            "transform": [
                [0.966116, 0.0, -0.258107, 0.0, -0.0, 1.0, -0.0, 0.3, 0.258108, -0.0, 0.966116, 0.0, 0.0, 0.0, 0.0, 1.0],
                [0.74551, 0.168362, -0.644879, -0.0, -0.067666, 0.981688, 0.178071, 0.3, 0.663051, -0.089117, 0.74325, -0.0, 0.0, 0.0, 0.0, 1.0],
                [0.984131, 0.029295, 0.175011, -0.0, -0.046253, 0.994533, 0.093616, 0.3, -0.171312, -0.100225, 0.980106, -0.0, 0.0, 0.0, 0.0, 1.0],
                [0.924651, -0.042917, 0.378389, 0.0, 0.03675, 0.999048, 0.023508, 0.3, -0.379038, -0.007831, 0.925348, 0.0, 0.0, 0.0, 0.0, 1.0],
                [0.926063, -0.001264, 0.377366, -0.0, -0.030698, 0.996428, 0.07867, 0.3, -0.376118, -0.084438, 0.922716, 0.0, 0.0, 0.0, 0.0, 1.0]
            ]
        },
        {
            "name": "Head",
            "time": [0.0, 0.2667, 0.3167, 0.3667, 0.4333, 0.75],
            "transform": [
                [0.359821, 0.006939, 0.932995, 0.0, -0.008818, 0.999953, -0.004036, 0.4, -0.93298, -0.006775, 0.359866, -0.0, 0.0, 0.0, 0.0, 1.0],
                [0.191851, 0.02012, 0.981218, 0.0, 5.8e-05, 0.99979, -0.020512, 0.4, -0.981424, 0.003992, 0.19181, 0.0, 0.0, 0.0, 0.0, 1.0],
                [0.818788, 0.033686, 0.573107, 0.0, -0.028805, 0.99943, -0.017591, 0.4, -0.573373, -0.002105, 0.819292, 0.0, 0.0, 0.0, 0.0, 1.0],
                [0.935348, 0.040043, -0.351454, -0.0, -0.039186, 0.999186, 0.009554, 0.4, 0.351551, 0.004836, 0.936156, 0.0, 0.0, 0.0, 0.0, 1.0],
                [0.726846, 0.006376, -0.686771, 0.0, 0.000398, 0.999953, 0.009704, 0.4, 0.6868, -0.007326, 0.726809, 0.0, 0.0, 0.0, 0.0, 1.0],
                [0.592729, 0.006376, -0.805377, -0.0, 0.002122, 0.999953, 0.009478, 0.4, 0.805399, -0.007326, 0.592688, -0.0, 0.0, 0.0, 0.0, 1.0]
            ]
        },
        {
            "name": "Shoulder_R",
            "time": [0.0, 0.2667, 0.3667, 0.4333, 0.75],
            "transform": [
                [-0.458574, 0.8098, 0.36597, 0.0, 0.043369, -0.390939, 0.919394, 0.4, 0.887598, 0.437482, 0.144154, -0.0, 0.0, 0.0, 0.0, 1.0],
                [-0.458574, 0.8098, 0.36597, 0.0, 0.043369, -0.390939, 0.919394, 0.4, 0.887597, 0.437482, 0.144154, 0.0, 0.0, 0.0, 0.0, 1.0],
                [0.664826, 0.660322, 0.349257, -0.0, -0.051096, -0.426253, 0.90316, 0.4, 0.745249, -0.61829, -0.249645, 0.0, 0.0, 0.0, 0.0, 1.0],
                [0.885656, 0.383242, 0.262183, 0.0, -0.087718, -0.41638, 0.904949, 0.4, 0.455982, -0.824471, -0.335153, 0.0, 0.0, 0.0, 0.0, 1.0],
                [0.978336, -0.103748, 0.179154, -0.0, -0.205287, -0.374219, 0.904333, 0.4, -0.02678, -0.921518, -0.38741, -0.0, 0.0, 0.0, 0.0, 1.0]
            ]
        },
        {
            "name": "Arm_R",
            "time": [0.0, 0.2667, 0.3167, 0.3667, 0.4333, 0.75],
            "transform": [
                [0.48584, -0.873027, 0.042221, 0.0, -0.096502, -0.005568, 0.995317, 0.333802, -0.868704, -0.487639, -0.086954, 0.0, 0.0, 0.0, 0.0, 1.0],
                [0.360758, -0.922183, -0.139396, -0.0, 0.225173, -0.05892, 0.972535, 0.333802, -0.905069, -0.382238, 0.186395, -0.0, 0.0, 0.0, 0.0, 1.0],
                [0.121848, -0.98951, -0.077605, 0.0, 0.090635, -0.066769, 0.993643, 0.333802, -0.988402, -0.128108, 0.081549, -0.0, 0.0, 0.0, 0.0, 1.0],
                [-0.236749, -0.967881, -0.084592, -0.0, 0.301654, -0.155991, 0.94057, 0.333802, -0.923555, 0.197161, 0.328896, 0.0, 0.0, 0.0, 0.0, 1.0],
                [-0.168296, -0.985677, -0.010776, -0.0, 0.513603, -0.097014, 0.852526, 0.333802, -0.841361, 0.137941, 0.522574, -0.0, 0.0, 0.0, 0.0, 1.0],
                [-0.009905, -0.999664, -0.02392, -0.0, 0.631369, -0.024802, 0.775085, 0.333802, -0.775419, -0.007426, 0.631403, 0.0, 0.0, 0.0, 0.0, 1.0]
            ]
        },
        {
            "name": "Hand_R",
            "time": [0.0, 0.2667, 0.3667, 0.4333, 0.75],
            "transform": [
                [1.0, 0.0, -0.0, -0.0, 0.0, 1.0, 0.0, 0.3, 0.0, -0.0, 1.0, -0.0, 0.0, 0.0, 0.0, 1.0],
                [1.0, -0.0, -0.0, 0.0, 0.0, 1.0, 0.0, 0.3, 0.0, 0.0, 1.0, -0.0, 0.0, 0.0, 0.0, 1.0],
                [1.0, 0.0, -0.0, 0.0, -0.0, 1.0, 0.0, 0.3, 0.0, 0.0, 1.0, -0.0, 0.0, 0.0, 0.0, 1.0],
                [1.0, 0.0, -0.0, -0.0, 0.0, 1.0, 0.0, 0.3, 0.0, -0.0, 1.0, -0.0, 0.0, 0.0, 0.0, 1.0],
                [1.0, 0.0, -0.0, -0.0, 0.0, 1.0, 0.0, 0.3, 0.0, 0.0, 1.0, -0.0, 0.0, 0.0, 0.0, 1.0]
            ]
        },
        {
            "name": "Tool_R",
            "time": [0.0, 0.2667, 0.3667, 0.4333, 0.75],
            "transform": [
                [1.0, 0.0, 0.0, -0.0, -0.0, -0.992878, 0.119135, 0.271204, 0.0, -0.119135, -0.992878, -0.0, 0.0, 0.0, 0.0, 1.0],
                [1.0, 0.0, 0.0, 0.0, 0.0, -0.991841, 0.127482, 0.271204, 0.0, -0.127482, -0.991841, -0.0, 0.0, 0.0, 0.0, 1.0],
                [1.0, -0.0, 0.0, 0.0, 0.0, -0.996733, -0.080771, 0.271204, 0.0, 0.080771, -0.996733, 0.0, 0.0, 0.0, 0.0, 1.0],
                [1.0, -0.0, 0.0, 0.0, -0.0, -0.991288, -0.131712, 0.271204, 0.0, 0.131712, -0.991288, -0.0, 0.0, 0.0, 0.0, 1.0],
                [1.0, 0.0, 0.0, -0.0, 0.0, -0.999909, -0.013488, 0.271204, 0.0, 0.013488, -0.999909, 0.0, 0.0, 0.0, 0.0, 1.0]
            ]
        },
        {
            "name": "Elbow_R",
            "time": [0.0, 0.2667, 0.3667, 0.4333, 0.75],
            "transform": [
                [-1.0, 0.0, -0.0, -0.0, 0.0, -0.0, -1.0, 0.3, -0.0, -1.0, 0.0, -0.0, 0.0, 0.0, 0.0, 1.0],
                [-1.0, 0.0, -0.0, 0.0, 0.0, -0.0, -1.0, 0.3, -0.0, -1.0, 0.0, -0.0, 0.0, 0.0, 0.0, 1.0],
                [-1.0, 0.0, -0.0, 0.0, 0.0, -0.0, -1.0, 0.3, -0.0, -1.0, 0.0, -0.0, 0.0, 0.0, 0.0, 1.0],
                [-1.0, 0.0, -0.0, -0.0, -0.0, -0.0, -1.0, 0.3, -0.0, -1.0, 0.0, -0.0, 0.0, 0.0, 0.0, 1.0],
                [-1.0, 0.0, 0.0, -0.0, 0.0, -0.0, -1.0, 0.3, -0.0, -1.0, 0.0, -0.0, 0.0, 0.0, 0.0, 1.0]
            ]
        },
        {
            "name": "Shoulder_L",
            "time": [0.0, 0.2667, 0.3667, 0.4333, 0.75],
            "transform": [
                [0.715119, -0.677742, -0.171087, 0.0, -0.076424, -0.319099, 0.944635, 0.4, -0.694812, -0.662451, -0.27999, -0.0, 0.0, 0.0, 0.0, 1.0],
                [0.715118, -0.677742, -0.171087, 0.0, -0.076424, -0.319099, 0.944635, 0.4, -0.694812, -0.662451, -0.27999, 0.0, 0.0, 0.0, 0.0, 1.0],
                [-0.439694, -0.824587, -0.355984, -0.0, -0.263882, -0.260256, 0.92878, 0.4, -0.858507, 0.502317, -0.10316, 0.0, 0.0, 0.0, 0.0, 1.0],
                [-0.680397, -0.639347, -0.358182, 0.0, -0.290109, -0.213845, 0.932795, 0.4, -0.672975, 0.738583, -0.039981, 0.0, 0.0, 0.0, 0.0, 1.0],
                [-0.715292, -0.600051, -0.358182, -0.0, -0.301682, -0.197183, 0.932795, 0.4, -0.630352, 0.775278, -0.039981, -0.0, 0.0, 0.0, 0.0, 1.0]
            ]
        },
        {
            "name": "Arm_L",
            "time": [0.0, 0.2667, 0.3667, 0.4333, 0.75],
            "transform": [
                [-0.258829, 0.84446, -0.468928, -0.0, 0.422044, -0.337809, -0.841286, 0.333802, -0.868842, -0.415658, -0.268965, 0.0, 0.0, 0.0, 0.0, 1.0],
                [-0.311166, 0.867765, -0.387504, -0.0, 0.214147, -0.333238, -0.918201, 0.333802, -0.925914, -0.368696, -0.082137, 0.0, 0.0, 0.0, 0.0, 1.0],
                [0.518938, 0.85286, -0.057724, -0.0, 0.463678, -0.337578, -0.819171, 0.333802, -0.718125, 0.398334, -0.570636, 0.0, 0.0, 0.0, 0.0, 1.0],
                [0.402963, 0.900863, 0.161449, 0.0, 0.499582, -0.068709, -0.863536, 0.333802, -0.766835, 0.42863, -0.477743, -0.0, 0.0, 0.0, 0.0, 1.0],
                [0.394397, 0.835494, 0.382623, 0.0, 0.477328, 0.169536, -0.862214, 0.333802, -0.785244, 0.522693, -0.331941, 0.0, 0.0, 0.0, 0.0, 1.0]
            ]
        },
        {
            "name": "Hand_L",
            "time": [0.0, 0.2667, 0.3667, 0.4333, 0.75],
            "transform": [
                [0.999985, 0.005562, -1.1e-05, 0.0, -0.005562, 0.999976, -0.004083, 0.3, -1.1e-05, 0.004083, 0.999992, -0.0, 0.0, 0.0, 0.0, 1.0],
                [0.999994, 0.003465, -6e-06, -0.0, -0.003465, 0.999986, -0.003734, 0.3, -7e-06, 0.003734, 0.999993, -0.0, 0.0, 0.0, 0.0, 1.0],
                [0.99927, -0.000275, -0.038209, -0.0, 0.000103, 0.999989, -0.004505, 0.3, 0.03821, 0.004498, 0.99926, -0.0, 0.0, 0.0, 0.0, 1.0],
                [0.996373, -0.052087, -0.067283, 0.0, 0.018506, 0.904469, -0.426139, 0.3, 0.083051, 0.423348, 0.902152, -0.0, 0.0, 0.0, 0.0, 1.0],
                [0.999081, -0.023427, -0.035897, -0.0, 0.004304, 0.88803, -0.459766, 0.3, 0.042648, 0.459188, 0.887315, 0.0, 0.0, 0.0, 0.0, 1.0]
            ]
        },
        {
            "name": "Tool_L",
            "time": [0.0, 0.2667, 0.4333, 0.75],
            "transform": [
                [1.0, -0.0, 0.0, -0.0, 0.0, -1.0, 0.0, 0.271204, 0.0, -0.0, -1.0, 0.0, 0.0, 0.0, 0.0, 1.0],
