{
    "animation": [
        {
            "name": "Root",
            "time": [0.0, 0.1, 0.15, 0.2, 0.3, 0.4],
            "transform": [
                [0.728721, 1e-05, -0.684811, -0.010005, -0.682204, -0.087155, -0.725948, 0.000946, -0.059692, 0.996195, -0.063505, 0.537483, 0.0, 0.0, 0.0, 1.0],
                [0.936351, -0.0, -0.351064, -5e-06, -0.24824, 0.707107, -0.6621, 1.080567, 0.24824, 0.707107, 0.6621, 0.470528, 0.0, 0.0, 0.0, 1.0],
                [0.983646, -0.023603, -0.178562, -0.00049, -0.143071, 0.499857, -0.854209, 1.569068, 0.109417, 0.865786, 0.488306, 0.526039, 0.0, 0.0, 0.0, 1.0],
                [1.0, 8e-05, -0.000453, -0.000975, -0.000458, 0.258818, -0.965926, 2.021644, 4e-05, 0.965926, 0.258818, 0.58155, 0.0, 0.0, 0.0, 1.0],
                [0.947498, 0.000115, -0.319762, 0.000319, -0.304995, 0.300705, -0.903634, 2.72467, 0.096051, 0.953717, 0.284952, 0.537356, 0.0, 0.0, 0.0, 1.0],
                [0.842476, 0.000159, -0.538734, 0.001613, -0.50629, 0.342019, -0.79164, 3.000947, 0.184131, 0.939693, 0.288223, 0.493163, 0.0, 0.0, 0.0, 1.0]
            ]
        },
        {
            "name": "Thigh_R",
            "time": [0.0, 0.1, 0.15, 0.2, 0.3, 0.4],
            "transform": [
                [0.786069, -0.478152, -0.391746, 0.124994, 0.113386, -0.511463, 0.851792, -0.00283, -0.60765, -0.713986, -0.34783, -1.2e-05, 0.0, 0.0, 0.0, 1.0],
                [0.991174, 0.129203, 0.029689, 0.131116, 0.131317, -0.987588, -0.086176, -0.049613, 0.018186, 0.089314, -0.995838, 0.004144, 0.0, 0.0, 0.0, 1.0],
                [0.970163, 0.22614, 0.087427, 0.128055, 0.241421, -0.867819, -0.434288, -0.026222, -0.022339, 0.442437, -0.896521, 0.002066, 0.0, 0.0, 0.0, 1.0],
                [0.966412, 0.217347, 0.137143, 0.124994, 0.226025, -0.972782, -0.051058, -0.002831, 0.122313, 0.080341, -0.989235, -1.2e-05, 0.0, 0.0, 0.0, 1.0],
                [0.974033, 0.092144, -0.206808, 0.124994, 0.21113, -0.699514, 0.682719, -0.002831, -0.081757, -0.708654, -0.700804, -1.1e-05, 0.0, 0.0, 0.0, 1.0],
                [0.960041, -0.271036, 0.069716, 0.124994, -0.08102, -0.030728, 0.996239, -0.00283, -0.267874, -0.962079, -0.051459, -1.2e-05, 0.0, 0.0, 0.0, 1.0]
            ]
        },
        {
            "name": "Leg_R",
            "time": [0.0, 0.1, 0.15, 0.2, 0.3, 0.4],
            "transform": [
                [1.0, 2.6e-05, 1.3e-05, -0.0, -2.7e-05, 0.704382, 0.709821, 0.374854, 9e-06, -0.709821, 0.704382, -0.0, 0.0, 0.0, 0.0, 1.0],
                [1.0, 0.0, 3e-06, 0.0, -0.0, 0.998619, 0.05253, 0.374854, -2e-06, -0.05253, 0.998619, -0.0, 0.0, 0.0, 0.0, 1.0],
                [1.0, 2e-05, 9e-06, 0.0, -2.1e-05, 0.832306, 0.554317, 0.374854, 4e-06, -0.554317, 0.832306, 0.0, 0.0, 0.0, 0.0, 1.0],
                [1.0, 3.4e-05, 2.6e-05, -0.0, -3.6e-05, 0.349601, 0.936899, 0.374854, 2.2e-05, -0.936898, 0.349601, -0.0, 0.0, 0.0, 0.0, 1.0],
                [1.0, 3.4e-05, 5.1e-05, -0.0, -3.6e-05, -0.339252, 0.940695, 0.374854, 4.9e-05, -0.940696, -0.339252, 0.0, 0.0, 0.0, 0.0, 1.0],
                [1.0, 3.1e-05, 2e-05, -0.0, -3.3e-05, 0.519484, 0.85448, 0.374854, 1.6e-05, -0.85448, 0.519484, -0.0, 0.0, 0.0, 0.0, 1.0]
            ]
        },
        {
            "name": "Knee_R",
            "time": [0.0, 0.1, 0.15, 0.2, 0.3, 0.4],
            "transform": [
                [1.0, 1.6e-05, 1e-06, -0.0, -5e-06, 0.384833, -0.922986, 0.374854, -1.6e-05, 0.922987, 0.384833, -0.0, 0.0, 0.0, 0.0, 1.0],
                [1.0, 1e-06, -2e-06, 0.0, -2e-06, 0.026679, -0.999644, 0.374854, -1e-06, 0.999644, 0.026679, -0.0, 0.0, 0.0, 0.0, 1.0],
                [1.0, 1.2e-05, -0.0, -0.0, -4e-06, 0.289951, -0.957042, 0.374854, -1.2e-05, 0.957042, 0.289951, 0.0, 0.0, 0.0, 0.0, 1.0],
                [1.0, 2.4e-05, 5e-06, -0.0, -9e-06, 0.570595, -0.821232, 0.374854, -2.3e-05, 0.821232, 0.570595, -0.0, 0.0, 0.0, 0.0, 1.0],
                [1.0, 3.4e-05, 1.6e-05, -0.0, -1.8e-05, 0.818539, -0.57445, 0.374854, -3.2e-05, 0.57445, 0.818539, 0.0, 0.0, 0.0, 0.0, 1.0],
                [1.0, 2.1e-05, 3e-06, -0.0, -7e-06, 0.490513, -0.871433, 0.374853, -2e-05, 0.871433, 0.490513, 0.0, 0.0, 0.0, 0.0, 1.0]
            ]
        },
        {
            "name": "Thigh_L",
            "time": [0.0, 0.1, 0.15, 0.2, 0.3, 0.4],
            "transform": [
                [0.670171, -0.275009, -0.689378, -0.125006, -0.192569, -0.961441, 0.196337, -0.00283, -0.71679, 0.001173, -0.697288, -1.2e-05, 0.0, 0.0, 0.0, 1.0],
                [0.938184, -0.322804, 0.124933, -0.125006, 0.093233, 0.583265, 0.806914, -0.002831, -0.333344, -0.745386, 0.577305, -1.2e-05, 0.0, 0.0, 0.0, 1.0],
                [0.977361, -0.149165, 0.15005, -0.125006, -0.065981, 0.458946, 0.886011, -0.002831, -0.201026, -0.875853, 0.438714, -1.2e-05, 0.0, 0.0, 0.0, 1.0],
                [0.986527, -0.071678, 0.147063, -0.125006, -0.162839, -0.516846, 0.840448, -0.002831, 0.015767, -0.853072, -0.521554, -1.1e-05, 0.0, 0.0, 0.0, 1.0],
                [0.93368, -0.353107, -0.05964, -0.125006, -0.125727, -0.479165, 0.868674, -0.002831, -0.335312, -0.803565, -0.491782, -1.2e-05, 0.0, 0.0, 0.0, 1.0],
                [0.817814, -0.264667, -0.51101, -0.125006, -0.149451, -0.955179, 0.255536, -0.00283, -0.555738, -0.13261, -0.820714, -1.2e-05, 0.0, 0.0, 0.0, 1.0]
            ]
        },
        {
            "name": "Leg_L",
            "time": [0.0, 0.1, 0.15, 0.2, 0.3, 0.4],
            "transform": [
                [1.0, 1.1e-05, 9e-06, -0.0, -1.2e-05, 0.229474, 0.973314, 0.374854, 8e-06, -0.973314, 0.229474, 0.0, 0.0, 0.0, 0.0, 1.0],
                [1.0, 6e-06, 1.9e-05, -0.0, -7e-06, -0.802276, 0.596953, 0.374854, 1.9e-05, -0.596953, -0.802276, 0.0, 0.0, 0.0, 0.0, 1.0],
                [1.0, 1.1e-05, 1.3e-05, -0.0, -1.2e-05, -0.047886, 0.998853, 0.374854, 1.1e-05, -0.998853, -0.047886, 0.0, 0.0, 0.0, 0.0, 1.0],
                [1.0, -1.6e-05, 1e-06, -0.0, 1.5e-05, 0.998619, 0.05253, 0.374854, -2e-06, -0.05253, 0.998619, 0.0, 0.0, 0.0, 0.0, 1.0],
                [1.0, 1.1e-05, 1.2e-05, 0.0, -1.2e-05, -0.038909, 0.999243, 0.374854, 1.1e-05, -0.999243, -0.038909, -0.0, 0.0, 0.0, 0.0, 1.0],
                [1.0, 1.1e-05, 9e-06, -0.0, -1.2e-05, 0.344978, 0.938611, 0.374854, 7e-06, -0.93861, 0.344978, 0.0, 0.0, 0.0, 0.0, 1.0]
            ]
        },
        {
            "name": "Knee_L",
            "time": [0.0, 0.1, 0.15, 0.2, 0.3, 0.4],
            "transform": [
                [1.0, 8e-06, 2e-06, -0.0, -3e-06, 0.621012, -0.783801, 0.374854, -8e-06, 0.783801, 0.621012, 0.0, 0.0, 0.0, 0.0, 1.0],
                [1.0, 1.1e-05, 8e-06, 0.0, -9e-06, 0.94941, -0.31404, 0.374854, -1.1e-05, 0.314039, 0.94941, -0.0, 0.0, 0.0, 0.0, 1.0],
                [1.0, 9e-06, 3e-06, -0.0, -5e-06, 0.724118, -0.689677, 0.374854, -9e-06, 0.689676, 0.724118, 0.0, 0.0, 0.0, 0.0, 1.0],
                [1.0, -8e-06, -1e-06, -0.0, -1e-06, 0.026678, -0.999644, 0.374854, 8e-06, 0.999644, 0.026678, 0.0, 0.0, 0.0, 0.0, 1.0],
                [1.0, 9e-06, 3e-06, 0.0, -5e-06, 0.721012, -0.692922, 0.374854, -9e-06, 0.692922, 0.721012, 0.0, 0.0, 0.0, 0.0, 1.0],
                [1.0, 8e-06, 2e-06, 0.0, -3e-06, 0.572617, -0.819823, 0.374854, -7e-06, 0.819823, 0.572617, -0.0, 0.0, 0.0, 0.0, 1.0]
            ]
        },
        {
            "name": "Torso",
            "time": [0.0, 0.1, 0.15, 0.2, 0.3, 0.4],
            "transform": [
                [0.999999, 0.001495, 6e-06, 0.0, -0.001495, 0.999961, 0.008694, 0.05, 7e-06, -0.008694, 0.999962, -0.0, 0.0, 0.0, 0.0, 1.0],
                [0.998405, -0.056297, -0.004255, -0.0, 0.056297, 0.987059, 0.150153, 0.05, -0.004254, -0.150153, 0.988654, 0.0, 0.0, 0.0, 0.0, 1.0],
                [0.999099, -0.042339, -0.002944, -0.0, 0.040546, 0.931691, 0.360982, 0.05, -0.012541, -0.360777, 0.932568, -0.0, 0.0, 0.0, 0.0, 1.0],
                [0.999999, 0.000209, -0.001285, 0.0, 0.000454, 0.869259, 0.494356, 0.05, 0.00122, -0.494356, 0.869258, 0.0, 0.0, 0.0, 0.0, 1.0],
                [0.996474, -0.083908, -0.000229, -0.0, 0.081331, 0.965189, 0.248586, 0.05, -0.020638, -0.247728, 0.96861, 0.0, 0.0, 0.0, 0.0, 1.0],
                [0.998841, -0.047914, -0.004586, -0.0, 0.047915, 0.9807, 0.189556, 0.05, -0.004585, -0.189556, 0.98186, -1e-06, 0.0, 0.0, 0.0, 1.0]
            ]
        },
        {
            "name": "Chest",
            "time": [0.0, 0.1, 0.15, 0.2, 0.3, 0.4],
            "transform": [
                [1.0, -1e-06, 1e-06, -0.0, 1e-06, 1.0, 1e-06, 0.35, -1e-06, -1e-06, 1.0, -0.0, 0.0, 0.0, 0.0, 1.0],
                [1.0, -1e-06, 1e-06, 0.0, 1e-06, 1.0, 1e-06, 0.35, -1e-06, -1e-06, 1.0, -0.0, 0.0, 0.0, 0.0, 1.0],
                [1.0, -1e-06, 1e-06, 0.0, 1e-06, 1.0, 1e-06, 0.35, -1e-06, -1e-06, 1.0, 0.0, 0.0, 0.0, 0.0, 1.0],
                [1.0, -1e-06, 1e-06, -0.0, 1e-06, 1.0, 1e-06, 0.35, -1e-06, -1e-06, 1.0, -0.0, 0.0, 0.0, 0.0, 1.0],
                [1.0, -1e-06, 1e-06, 0.0, 1e-06, 1.0, 1e-06, 0.35, -1e-06, -1e-06, 1.0, -0.0, 0.0, 0.0, 0.0, 1.0],
                [1.0, -1e-06, 1e-06, -0.0, 1e-06, 1.0, 1e-06, 0.35, -1e-06, -1e-06, 1.0, -0.0, 0.0, 0.0, 0.0, 1.0]
            ]
        },
        {
            "name": "Head",
            "time": [0.0, 0.1, 0.15, 0.2, 0.3, 0.4],
            "transform": [
                [0.728716, -0.061181, 0.682078, 0.0, 0.007053, 0.996619, 0.081859, 0.326029, -0.68478, -0.054841, 0.726684, 0.0, 0.0, 0.0, 0.0, 1.0],
                [0.936351, 0.209157, 0.281956, -0.0, -1e-06, 0.803148, -0.595779, 0.326028, -0.351064, 0.557858, 0.75203, -0.0, 0.0, 0.0, 0.0, 1.0],
                [0.984042, 0.097817, 0.148639, 0.0, 0.000783, 0.832957, -0.553337, 0.326028, -0.177936, 0.544623, 0.819588, 0.0, 0.0, 0.0, 0.0, 1.0],
                [0.999998, 0.000297, 0.001687, -0.0, 0.000501, 0.891262, -0.453488, 0.326028, -0.001638, 0.453488, 0.891261, 0.0, 0.0, 0.0, 0.0, 1.0],
                [0.950765, 0.080389, 0.299305, 0.0, -0.000179, 0.965914, -0.258862, 0.326029, -0.309912, 0.246063, 0.918372, 0.0, 0.0, 0.0, 0.0, 1.0],
                [0.843978, 0.11858, 0.523106, -0.0, 0.061909, 0.947204, -0.314599, 0.326029, -0.532793, 0.2979, 0.792078, 0.0, 0.0, 0.0, 0.0, 1.0]
            ]
        },
        {
            "name": "Shoulder_R",
            "time": [0.0, 0.1, 0.15, 0.2, 0.3, 0.4],
            "transform": [
                [0.000759, 0.979842, 0.19977, 5e-06, -0.008657, -0.199756, 0.979807, 0.326028, 0.999962, -0.002473, 0.008331, 0.000947, 0.0, 0.0, 0.0, 1.0],
                [0.000759, 0.979843, 0.19977, 5e-06, -0.008657, -0.199756, 0.979807, 0.326028, 0.999962, -0.002473, 0.008331, 0.000947, 0.0, 0.0, 0.0, 1.0],
                [0.000759, 0.979842, 0.19977, 5e-06, -0.008657, -0.199756, 0.979807, 0.326028, 0.999962, -0.002473, 0.008331, 0.000946, 0.0, 0.0, 0.0, 1.0],
                [0.000759, 0.979842, 0.19977, 5e-06, -0.008657, -0.199756, 0.979807, 0.326028, 0.999962, -0.002473, 0.008331, 0.000947, 0.0, 0.0, 0.0, 1.0],
                [0.000759, 0.979843, 0.19977, 5e-06, -0.008657, -0.199756, 0.979807, 0.326028, 0.999962, -0.002473, 0.008331, 0.000947, 0.0, 0.0, 0.0, 1.0],
                [0.000758, 0.979842, 0.19977, 5e-06, -0.008657, -0.199756, 0.979807, 0.326028, 0.999962, -0.002472, 0.008331, 0.000947, 0.0, 0.0, 0.0, 1.0]
            ]
        },
        {
            "name": "Arm_R",
            "time": [0.0, 0.1, 0.15, 0.2, 0.3, 0.4],
            "transform": [
                [-0.31177, 0.080582, -0.946733, -0.0, 0.646687, 0.748001, -0.149296, 0.38271, 0.696128, -0.658787, -0.285316, 0.0, 0.0, 0.0, 0.0, 1.0],
                [0.625882, 0.520743, -0.580601, -0.0, 0.559554, 0.218761, 0.799401, 0.38271, 0.543295, -0.825209, -0.154465, 0.0, 0.0, 0.0, 0.0, 1.0],
                [0.719554, 0.450922, -0.528118, -0.0, 0.462363, 0.256335, 0.84883, 0.38271, 0.518132, -0.854962, -0.024043, -0.0, 0.0, 0.0, 0.0, 1.0],
                [0.771455, 0.441204, -0.458469, -0.0, 0.364446, 0.284243, 0.886783, 0.38271, 0.521569, -0.851201, 0.058485, 0.0, 0.0, 0.0, 0.0, 1.0],
                [0.473107, 0.49164, -0.731067, -1e-06, 0.664838, 0.345239, 0.662419, 0.38271, 0.578065, -0.799437, -0.163526, -0.0, 0.0, 0.0, 0.0, 1.0],
                [-0.050418, 0.411254, -0.910125, 0.0, 0.908283, 0.397823, 0.129447, 0.382711, 0.415305, -0.820125, -0.393592, -0.0, 0.0, 0.0, 0.0, 1.0]
            ]
        },
        {
            "name": "Hand_R",
            "time": [0.0, 0.1, 0.15, 0.2, 0.3, 0.4],
            "transform": [
                [1.0, 4e-06, -2e-06, 0.0, -4e-06, 0.663435, -0.748234, 0.329931, -2e-06, 0.748235, 0.663435, -0.0, 0.0, 0.0, 0.0, 1.0],
                [1.0, 4e-06, -1e-06, -0.0, -4e-06, 0.71846, -0.695569, 0.329931, -2e-06, 0.695569, 0.71846, -0.0, 0.0, 0.0, 0.0, 1.0],
                [1.0, 2e-06, -0.0, -0.0, -2e-06, 0.932227, -0.361873, 0.329931, -1e-06, 0.361873, 0.932228, 0.0, 0.0, 0.0, 0.0, 1.0],
                [1.0, 0.0, 0.0, 0.0, -0.0, 0.997913, -0.06457, 0.329931, -0.0, 0.06457, 0.997913, 0.0, 0.0, 0.0, 0.0, 1.0],
                [1.0, 2e-06, -0.0, 0.0, -2e-06, 0.916855, -0.399219, 0.329931, -1e-06, 0.399219, 0.916856, 0.0, 0.0, 0.0, 0.0, 1.0],
                [1.0, 5e-06, -2e-06, 0.0, -4e-06, 0.642196, -0.76654, 0.329931, -2e-06, 0.76654, 0.642196, -0.0, 0.0, 0.0, 0.0, 1.0]
            ]
        },
        {
            "name": "Tool_R",
            "time": [0.0, 0.1, 0.15, 0.2, 0.3, 0.4],
            "transform": [
                [0.991379, 0.057207, -0.117879, -0.02, -0.061216, -0.593213, -0.802716, 0.291597, -0.115848, 0.803011, -0.584596, 0.0, 0.0, 0.0, 0.0, 1.0],
                [0.999043, 0.007505, -0.043094, -0.02, -0.008978, -0.929012, -0.369941, 0.291597, -0.042812, 0.369974, -0.928056, -0.0, 0.0, 0.0, 0.0, 1.0],
                [0.998708, 0.001944, -0.05078, -0.02, -0.003684, -0.99387, -0.1105, 0.291597, -0.050683, 0.110544, -0.992579, 0.0, 0.0, 0.0, 0.0, 1.0],
                [0.998413, -0.002445, -0.056264, -0.02, 0.000515, -0.998619, 0.052536, 0.291597, -0.056315, -0.052482, -0.997033, 0.0, 0.0, 0.0, 0.0, 1.0],
                [0.994072, 0.004119, -0.10865, -0.02, -0.007842, -0.993964, -0.109427, 0.291597, -0.108445, 0.109631, -0.98804, -0.0, 0.0, 0.0, 0.0, 1.0],
                [0.952477, 0.027381, -0.303378, -0.02, -0.037769, -0.977652, -0.206814, 0.291597, -0.30226, 0.208443, -0.930157, -0.0, 0.0, 0.0, 0.0, 1.0]
            ]
        },
        {
            "name": "Elbow_R",
            "time": [0.0, 0.1, 0.15, 0.2, 0.3, 0.4],
            "transform": [
                [-1.0, -0.0, -0.0, 0.0, 0.0, 0.408404, -0.912802, 0.329931, 0.0, -0.912802, -0.408404, -0.0, 0.0, 0.0, 0.0, 1.0],
                [-1.000001, 0.0, -0.0, -0.0, 0.0, 0.373345, -0.927693, 0.329931, 0.0, -0.927693, -0.373345, -0.0, 0.0, 0.0, 0.0, 1.0],
                [-1.0, -0.0, -0.0, 0.0, 0.0, 0.182123, -0.983276, 0.329931, 0.0, -0.983277, -0.182123, 0.0, 0.0, 0.0, 0.0, 1.0],
                [-1.000001, -0.0, -0.0, 0.0, 0.0, 0.03031, -0.999541, 0.329931, 0.0, -0.999541, -0.03031, 0.0, 0.0, 0.0, 0.0, 1.0],
                [-1.0, 0.0, -1e-06, 0.0, 0.0, 0.201941, -0.979398, 0.329931, 0.0, -0.979399, -0.201941, -0.0, 0.0, 0.0, 0.0, 1.0],
                [-1.000001, -0.0, -0.0, 0.0, 0.0, 0.421161, -0.906986, 0.329931, 0.0, -0.906987, -0.421161, 0.0, 0.0, 0.0, 0.0, 1.0]
            ]
        },
        {
            "name": "Shoulder_L",
            "time": [0.0, 0.1, 0.15, 0.2, 0.3, 0.4],
            "transform": [
                [-0.001665, -0.979847, -0.199745, 0.0, 0.008164, -0.199752, 0.979813, 0.326028, -0.999965, 0.0, 0.008332, 0.0, 0.0, 0.0, 0.0, 1.0],
                [-0.001665, -0.979847, -0.199745, 0.0, 0.008164, -0.199752, 0.979812, 0.326028, -0.999965, 0.0, 0.008332, -0.0, 0.0, 0.0, 0.0, 1.0],
                [-0.001665, -0.979847, -0.199745, 0.0, 0.008164, -0.199752, 0.979813, 0.326028, -0.999965, 0.0, 0.008332, -0.0, 0.0, 0.0, 0.0, 1.0],
                [-0.001665, -0.979846, -0.199746, 0.0, 0.008164, -0.199752, 0.979813, 0.326028, -0.999965, 0.0, 0.008332, -0.0, 0.0, 0.0, 0.0, 1.0],
                [-0.001664, -0.979847, -0.199745, 0.0, 0.008165, -0.199752, 0.979813, 0.326028, -0.999966, -0.0, 0.008332, 0.0, 0.0, 0.0, 0.0, 1.0],
                [-0.001665, -0.979846, -0.199746, 0.0, 0.008164, -0.199753, 0.979812, 0.326028, -0.999965, 1e-06, 0.008332, 0.0, 0.0, 0.0, 0.0, 1.0]
            ]
        },
        {
            "name": "Arm_L",
            "time": [0.0, 0.1, 0.15, 0.2, 0.3, 0.4],
            "transform": [
                [0.251887, -0.780922, 0.571587, -0.0, -0.680778, 0.276798, 0.678177, 0.382712, -0.687818, -0.559948, -0.461913, 0.0, 0.0, 0.0, 0.0, 1.0],
                [-0.140411, -0.064272, 0.988005, 0.0, -0.709425, 0.702622, -0.055114, 0.382712, -0.690653, -0.708653, -0.144251, -0.0, 0.0, 0.0, 0.0, 1.0],
                [-0.088917, -0.166514, 0.982021, -0.0, -0.764171, 0.643773, 0.039968, 0.382712, -0.638855, -0.746879, -0.184487, 0.0, 0.0, 0.0, 0.0, 1.0],
                [0.155776, -0.40289, 0.901894, -0.0, -0.796266, 0.489093, 0.356017, 0.382713, -0.584546, -0.773606, -0.244618, -0.0, 0.0, 0.0, 0.0, 1.0],
                [0.497108, -0.773286, 0.393588, 1e-06, -0.551424, 0.068679, 0.831393, 0.382713, -0.669936, -0.630326, -0.392268, -1e-06, 0.0, 0.0, 0.0, 1.0],
                [0.309678, -0.674069, 0.670619, 0.0, -0.663597, 0.351906, 0.660152, 0.382713, -0.680984, -0.649455, -0.338332, -0.0, 0.0, 0.0, 0.0, 1.0]
            ]
        },
        {
            "name": "Hand_L",
            "time": [0.0, 0.1, 0.15, 0.2, 0.3, 0.4],
            "transform": [
                [1.0, 6e-06, -4e-06, 0.0, -5e-06, 0.262481, -0.964937, 0.329931, -5e-06, 0.964938, 0.262481, 0.0, 0.0, 0.0, 0.0, 1.0],
                [1.0, 6e-06, -7e-06, -0.0, -6e-06, -0.198714, -0.980059, 0.32993, -7e-06, 0.980057, -0.198714, -0.0, 0.0, 0.0, 0.0, 1.0],
                [1.0, 6e-06, -6e-06, -0.0, -6e-06, -0.037544, -0.999295, 0.329931, -6e-06, 0.999295, -0.037544, 0.0, 0.0, 0.0, 0.0, 1.0],
                [1.0, 6e-06, -5e-06, 0.0, -6e-06, 0.186243, -0.982504, 0.329931, -5e-06, 0.982504, 0.186243, 0.0, 0.0, 0.0, 0.0, 1.0],
                [1.0, 5e-06, -2e-06, -0.0, -5e-06, 0.621469, -0.783439, 0.329931, -3e-06, 0.783439, 0.621469, 0.0, 0.0, 0.0, 0.0, 1.0],
                [1.0, 6e-06, -3e-06, 0.0, -5e-06, 0.367884, -0.929872, 0.32993, -4e-06, 0.929873, 0.367884, 0.0, 0.0, 0.0, 0.0, 1.0]
            ]
        },
        {
            "name": "Tool_L",
            "time": [0.0, 0.1, 0.15, 0.2, 0.3, 0.4],
            "transform": [
                [0.999975, 3.1e-05, 0.00713, 0.02, 0.000213, -0.999675, -0.025479, 0.291597, 0.007127, 0.02548, -0.999651, -0.0, 0.0, 0.0, 0.0, 1.0],
                [0.937474, -0.027914, 0.346936, 0.02, 0.039796, -0.981646, -0.186517, 0.291597, 0.345775, 0.188661, -0.919156, -0.0, 0.0, 0.0, 0.0, 1.0],
                [0.94344, -0.068895, 0.324307, 0.02, 0.079976, -0.901995, -0.424275, 0.291597, 0.321754, 0.426215, -0.845469, 0.0, 0.0, 0.0, 0.0, 1.0],
                [0.98731, 0.03166, -0.15562, 0.02, -0.036979, -0.907156, -0.419168, 0.291597, -0.154442, 0.419603, -0.894473, 0.0, 0.0, 0.0, 0.0, 1.0],
                [0.96335, -0.04517, -0.264418, 0.02, 0.036076, -0.954949, 0.294569, 0.291597, -0.265811, -0.293312, -0.918321, 0.0, 0.0, 0.0, 0.0, 1.0],
                [0.85524, 0.14392, 0.497847, 0.02, -0.126762, -0.873386, 0.470244, 0.291597, 0.50249, -0.465279, -0.728711, 0.0, 0.0, 0.0, 0.0, 1.0]
            ]
        },
        {
            "name": "Elbow_L",
            "time": [0.0, 0.1, 0.15, 0.2, 0.3, 0.4],
            "transform": [
                [-1.0, 0.0, -1e-06, 0.0, 0.0, 0.605671, -0.795716, 0.329931, 0.0, -0.795716, -0.605671, 0.0, 0.0, 0.0, 0.0, 1.0],
                [-1.0, 0.0, -0.0, 0.0, 0.0, 0.772917, -0.634506, 0.32993, 0.0, -0.634506, -0.772918, -0.0, 0.0, 0.0, 0.0, 1.0],
                [-1.0, 0.0, -0.0, 0.0, 0.0, 0.718874, -0.695141, 0.329931, 0.0, -0.695141, -0.718874, 0.0, 0.0, 0.0, 0.0, 1.0],
                [-1.0, 0.0, -1e-06, 0.0, 0.0, 0.636333, -0.771414, 0.329931, 0.0, -0.771413, -0.636334, 0.0, 0.0, 0.0, 0.0, 1.0],
                [-1.0, -0.0, -0.0, -0.0, 0.0, 0.433251, -0.901274, 0.329931, 0.0, -0.901273, -0.43325, 0.0, 0.0, 0.0, 0.0, 1.0],
                [-1.0, 0.0, -0.0, 0.0, 0.0, 0.560541, -0.828127, 0.32993, 0.0, -0.828127, -0.560541, 0.0, 0.0, 0.0, 0.0, 1.0]
            ]
        },
        {
            "name": "IK_twohand_R",
            "time": [0.0, 0.1, 0.15, 0.2, 0.3, 0.4],
            "transform": [
                [0.727125, -0.291477, -0.621555, 0.467835, -0.468264, 0.451497, -0.759526, -0.438594, 0.502015, 0.843322, 0.191808, 0.705408, 0.0, 0.0, 0.0, 1.0],
                [0.357506, -0.219395, -0.907775, 0.319454, -0.162151, 0.942669, -0.291688, 0.935629, 0.919726, 0.251476, 0.301434, 0.855321, 0.0, 0.0, 0.0, 1.0],
                [0.375306, -0.231946, -0.897411, 0.320501, -0.206871, 0.922802, -0.325023, 1.395231, 0.903521, 0.307632, 0.29835, 0.855259, 0.0, 0.0, 0.0, 1.0],
                [0.411073, -0.210977, -0.886853, 0.315515, -0.266237, 0.902651, -0.33814, 1.832238, 0.871858, 0.375113, 0.314885, 0.873202, 0.0, 0.0, 0.0, 1.0],
                [0.495727, -0.257864, -0.829314, 0.327478, -0.407776, 0.773992, -0.484412, 2.39611, 0.766795, 0.57831, 0.278538, 0.855354, 0.0, 0.0, 0.0, 1.0],
                [0.692066, -0.223274, -0.686436, 0.306457, -0.576754, 0.400787, -0.711846, 2.69635, 0.434051, 0.888549, 0.148597, 0.714646, 0.0, 0.0, 0.0, 1.0]
            ]
        },
        {
            "name": "IK_twohand_L",
            "time": [0.0, 0.1, 0.15, 0.2, 0.3, 0.4],
            "transform": [
                [0.762902, 0.213467, -0.610256, -0.627854, -0.312783, -0.704231, -0.637359, 0.177287, -0.565816, 0.677119, -0.47049, 0.720377, 0.0, 0.0, 0.0, 1.0],
                [0.859259, -0.448962, -0.24517, -0.397118, -0.44269, -0.412483, -0.796168, 1.505467, 0.256321, 0.792648, -0.55318, 0.275438, 0.0, 0.0, 0.0, 1.0],
                [0.974161, -0.018088, -0.225131, -0.497616, -0.225741, -0.109796, -0.96798, 1.854937, -0.00721, 0.99379, -0.111041, 0.466701, 0.0, 0.0, 0.0, 1.0],
                [0.857842, 0.461415, -0.226281, -0.60259, -0.330743, 0.158684, -0.930284, 2.096563, -0.39334, 0.872878, 0.288737, 0.719616, 0.0, 0.0, 0.0, 1.0],
                [0.804207, 0.567238, -0.177461, -0.591456, -0.317604, 0.157767, -0.935007, 2.570426, -0.502374, 0.808301, 0.307034, 0.81327, 0.0, 0.0, 0.0, 1.0],
                [0.970506, 0.206921, -0.123702, -0.577537, 0.045574, -0.661342, -0.748699, 3.206869, -0.236731, 0.720978, -0.651266, 0.482825, 0.0, 0.0, 0.0, 1.0]
            ]
        },
        {
            "name": "IK_Shoulder_R",
            "time": [0.0, 0.1, 0.15, 0.2, 0.3, 0.4],
            "transform": [
                [0.728716, 0.007054, -0.68478, 0.267494, -0.682078, -0.08186, -0.726683, -0.308272, -0.061182, 0.996619, -0.054842, 1.161902, 0.0, 0.0, 0.0, 1.0],
                [0.936351, 0.0, -0.351064, 0.351127, -0.20522, 0.811347, -0.547358, 1.525433, 0.284835, 0.584565, 0.759706, 0.96319, 0.0, 0.0, 0.0, 1.0],
                [0.984042, 0.000784, -0.177936, 0.367816, -0.111962, 0.779948, -0.615747, 2.019717, 0.138298, 0.625843, 0.76759, 0.996433, 0.0, 0.0, 0.0, 1.0],
                [0.999999, 0.000502, -0.001638, 0.37433, -0.001519, 0.702492, -0.71169, 2.455215, 0.000794, 0.711691, 0.702492, 1.056859, 0.0, 0.0, 0.0, 1.0],
                [0.950765, -0.000178, -0.309912, 0.356755, -0.260814, 0.539684, -0.800448, 2.965484, 0.167397, 0.841868, 0.513066, 1.152583, 0.0, 0.0, 0.0, 1.0],
                [0.843978, 0.06191, -0.532793, 0.355232, -0.485685, 0.509737, -0.710125, 3.141543, 0.227621, 0.8581, 0.460275, 1.140005, 0.0, 0.0, 0.0, 1.0]
            ]
        },
        {
            "name": "IK_Shoulder_L",
            "time": [0.0, 0.1, 0.15, 0.2, 0.3, 0.4],
            "transform": [
                [0.728716, 0.007054, -0.68478, -0.279043, -0.682078, -0.08186, -0.726683, 0.203286, -0.061182, 0.996619, -0.054842, 1.207789, 0.0, 0.0, 0.0, 1.0],
                [0.936351, 0.0, -0.351064, -0.351136, -0.20522, 0.811347, -0.547358, 1.679347, 0.284835, 0.584565, 0.759706, 0.749564, 0.0, 0.0, 0.0, 1.0],
                [0.984042, 0.000784, -0.177936, -0.370215, -0.111962, 0.779948, -0.615747, 2.103688, 0.138298, 0.625843, 0.76759, 0.892709, 0.0, 0.0, 0.0, 1.0],
                [0.999999, 0.000502, -0.001638, -0.375669, -0.001519, 0.702492, -0.71169, 2.456354, 0.000794, 0.711691, 0.702492, 1.056264, 0.0, 0.0, 0.0, 1.0],
                [0.950765, -0.000178, -0.309912, -0.356319, -0.260814, 0.539684, -0.800448, 3.161094, 0.167397, 0.841868, 0.513066, 1.027035, 0.0, 0.0, 0.0, 1.0],
                [0.843978, 0.06191, -0.532793, -0.277751, -0.485685, 0.509737, -0.710125, 3.505807, 0.227621, 0.8581, 0.460275, 0.969289, 0.0, 0.0, 0.0, 1.0]
            ]
        },
        {
            "name": "IK_Leg_R",
            "time": [0.0, 0.1, 0.15, 0.2, 0.3, 0.4],
            "transform": [
                [1.0, 0.0, 0.0, 0.184989, 0.0, 1.0, 0.0, 0.369039, 0.0, 0.0, 1.0, 0.0, 0.0, 0.0, 0.0, 1.0],
                [1.0, 0.0, 0.0, 0.184989, 0.0, 1.0, 0.0, 0.365586, 0.0, 0.0, 1.0, 0.0, 0.0, 0.0, 0.0, 1.0],
                [1.0, 0.0, 0.0, 0.184989, 0.0, 1.0, 0.0, 0.833019, 0.0, 0.0, 1.0, 0.335035, 0.0, 0.0, 0.0, 1.0],
                [1.0, 0.0, 0.0, 0.184989, 0.0, 1.0, 0.0, 1.511619, 0.0, 0.0, 1.0, 0.22082, 0.0, 0.0, 0.0, 1.0],
                [1.0, 0.0, 0.0, 0.184989, 0.0, 1.0, 0.0, 2.45585, 0.0, 0.0, 1.0, 0.180122, 0.0, 0.0, 0.0, 1.0],
                [1.0, 0.0, 0.0, 0.245239, 0.0, 1.0, 0.0, 3.333729, 0.0, 0.0, 1.0, 0.0, 0.0, 0.0, 0.0, 1.0]
            ]
        },
        {
            "name": "IK_Leg_L",
            "time": [0.0, 0.1, 0.15, 0.2, 0.3, 0.4],
            "transform": [
                [1.0, 0.0, 0.0, -0.185011, 0.0, 1.0, 0.0, -0.149041, 0.0, 0.0, 1.0, 0.0, 0.0, 0.0, 0.0, 1.0],
                [1.0, 0.0, 0.0, -0.099905, 0.0, 1.0, 0.0, 1.137162, 0.0, 0.0, 1.0, 0.200057, 0.0, 0.0, 0.0, 1.0],
                [1.0, 0.0, 0.0, -0.142458, 0.0, 1.0, 0.0, 1.923471, 0.0, 0.0, 1.0, 0.108085, 0.0, 0.0, 0.0, 1.0],
                [1.0, 0.0, 0.0, -0.185011, 0.0, 1.0, 0.0, 2.547192, 0.0, 0.0, 1.0, 0.0, 0.0, 0.0, 0.0, 1.0],
                [1.0, 0.0, 0.0, -0.185011, 0.0, 1.0, 0.0, 2.730575, 0.0, 0.0, 1.0, 0.0, 0.0, 0.0, 0.0, 1.0],
                [1.0, 0.0, 0.0, -0.185011, 0.0, 1.0, 0.0, 2.657421, 0.0, 0.0, 1.0, 0.0, 0.0, 0.0, 0.0, 1.0]
            ]
        },
        {
            "name": "IK_Kneel_L",
            "time": [0.0, 0.1, 0.15, 0.2, 0.3, 0.4],
            "transform": [
                [1.0, 0.0, -1e-06, -0.165122, -1e-06, -0.0, -1.0, 0.610969, -0.0, 1.0, 0.0, 0.430638, 0.0, 0.0, 0.0, 1.0],
                [1.0, 0.0, -1e-06, -0.139195, -1e-06, -0.0, -1.0, 1.579621, -0.0, 1.0, 0.0, 0.396421, 0.0, 0.0, 0.0, 1.0],
                [1.0, 0.0, -1e-06, -0.128343, -1e-06, -0.0, -1.0, 2.068121, -0.0, 1.0, 0.0, 0.396421, 0.0, 0.0, 0.0, 1.0],
                [1.0, 0.0, -1e-06, -0.125011, -1e-06, -0.0, -1.0, 2.520697, -0.0, 1.0, 0.0, 0.396421, 0.0, 0.0, 0.0, 1.0],
                [1.0, 0.0, -1e-06, -0.125011, -1e-06, -0.0, -1.0, 3.223724, -0.0, 1.0, 0.0, 0.396421, 0.0, 0.0, 0.0, 1.0],
                [1.0, 0.0, -1e-06, -0.116404, -1e-06, -0.0, -1.0, 3.5, -0.0, 1.0, 0.0, 0.310349, 0.0, 0.0, 0.0, 1.0]
            ]
        },
        {
            "name": "IK_Head",
            "time": [0.0, 0.1, 0.15, 0.2, 0.3, 0.4],
            "transform": [
                [-1e-06, 2e-06, -1.0, -3e-06, -1.0, 0.0, 1e-06, 5.9, 0.0, 1.0, 2e-06, 1.0, 0.0, 0.0, 0.0, 1.0],
                [-1e-06, 2e-06, -1.0, -3e-06, -1.0, 0.0, 1e-06, 6.979621, 0.0, 1.0, 2e-06, 1.0, 0.0, 0.0, 0.0, 1.0],
                [-1e-06, 2e-06, -1.0, -3e-06, -1.0, 0.0, 1e-06, 7.468122, 0.0, 1.0, 2e-06, 1.0, 0.0, 0.0, 0.0, 1.0],
                [-1e-06, 2e-06, -1.0, -3e-06, -1.0, 0.0, 1e-06, 7.920697, 0.0, 1.0, 2e-06, 1.0, 0.0, 0.0, 0.0, 1.0],
                [-1e-06, 2e-06, -1.0, -3e-06, -1.0, 0.0, 1e-06, 8.623724, 0.0, 1.0, 2e-06, 1.0, 0.0, 0.0, 0.0, 1.0],
                [-1e-06, 2e-06, -1.0, -3e-06, -1.0, 0.0, 1e-06, 8.9, 0.0, 1.0, 2e-06, 1.0, 0.0, 0.0, 0.0, 1.0]
            ]
        },
        {
            "name": "IK_UpperRot",
            "time": [0.0, 0.1, 0.15, 0.2, 0.3, 0.4],
            "transform": [
                [-1.0, 0.0, 0.0, -5e-06, 0.0, -1.0, 0.0, -0.119445, 0.0, 0.0, 1.0, 1.999972, 0.0, 0.0, 0.0, 1.0],
                [-1.0, 0.0, 0.0, -5e-06, 0.0, -1.0, 0.0, 2.953687, 0.0, 0.0, 1.0, 1.82976, 0.0, 0.0, 0.0, 1.0],
                [-1.0, 0.0, 0.0, -5e-06, 0.0, -1.0, 0.0, 3.27108, 0.0, 0.0, 1.0, 1.914866, 0.0, 0.0, 0.0, 1.0],
                [-1.0, 0.0, 0.0, -5e-06, 0.0, -1.0, 0.0, 3.386994, 0.0, 0.0, 1.0, 1.999972, 0.0, 0.0, 0.0, 1.0],
                [-1.0, 0.0, 0.0, -5e-06, 0.0, -1.0, 0.0, 3.646761, 0.0, 0.0, 1.0, 1.999972, 0.0, 0.0, 0.0, 1.0],
                [-1.0, 0.0, 0.0, 0.103282, 0.0, -1.0, 0.0, 3.854966, 0.0, 0.0, 1.0, 1.948908, 0.0, 0.0, 0.0, 1.0]
            ]
        },
        {
            "name": "IK_GodNode",
            "time": [0.0, 0.05, 0.1, 0.15, 0.4],
            "transform": [
                [-1.0, 0.0, 0.0, -5e-06, 0.0, -1.0, 0.0, 0.000959, 0.0, 0.0, 1.0, 0.0, 0.0, 0.0, 0.0, 1.0],
                [-1.0, 0.0, 0.0, -5e-06, 0.0, -1.0, 0.0, 0.517768, 0.0, 0.0, 1.0, 0.0, 0.0, 0.0, 0.0, 1.0],
                [-1.0, 0.0, 0.0, -5e-06, 0.0, -1.0, 0.0, 1.08058, 0.0, 0.0, 1.0, 0.0, 0.0, 0.0, 0.0, 1.0],
                [-1.0, 0.0, 0.0, -5e-06, 0.0, -1.0, 0.0, 1.56908, 0.0, 0.0, 1.0, 0.0, 0.0, 0.0, 0.0, 1.0],
                [-1.0, 0.0, 0.0, -5e-06, 0.0, -1.0, 0.0, 3.000959, 0.0, 0.0, 1.0, 0.0, 0.0, 0.0, 0.0, 1.0]
            ]
        },
        {
            "name": "IK_Elbow_L",
            "time": [0.0, 0.1, 0.15, 0.2, 0.3, 0.4],
            "transform": [
                [1.0, 0.0, 0.0, -0.716745, 0.0, 0.0, -1.0, -0.148078, 0.0, 1.0, 0.0, 0.820342, 0.0, 0.0, 0.0, 1.0],
                [1.0, 0.0, 0.0, -1.270162, 0.0, 0.0, -1.0, 0.680621, 0.0, 1.0, 0.0, 0.551601, 0.0, 0.0, 0.0, 1.0],
                [1.0, 0.0, 0.0, -0.952228, 0.0, 0.0, -1.0, 1.169122, 0.0, 1.0, 0.0, 0.822729, 0.0, 0.0, 0.0, 1.0],
                [1.0, 0.0, 0.0, -0.523173, 0.0, 0.0, -1.0, 1.621697, 0.0, 1.0, 0.0, 1.093856, 0.0, 0.0, 0.0, 1.0],
                [1.0, 0.0, 0.0, -0.375011, 0.0, 0.0, -1.0, 2.324724, 0.0, 1.0, 0.0, 1.093856, 0.0, 0.0, 0.0, 1.0],
                [1.0, 0.0, 0.0, -0.770943, 0.0, 0.0, -1.0, 2.601, 0.0, 1.0, 0.0, 0.956141, 0.0, 0.0, 0.0, 1.0]
            ]
        },
        {
            "name": "IK_Elbow_R",
            "time": [0.0, 0.1, 0.15, 0.4],
            "transform": [
                [1.0, 0.0, 0.0, 0.284372, 0.0, 0.0, -1.0, -0.764285, 0.0, 1.0, 0.0, 0.832823, 0.0, 0.0, 0.0, 1.0],
                [1.0, 0.0, 0.0, -0.115601, 0.0, 0.0, -1.0, 0.680621, 0.0, 1.0, 0.0, 1.033605, 0.0, 0.0, 0.0, 1.0],
                [1.0, 0.0, 0.0, -0.092688, 0.0, 0.0, -1.0, 1.167447, 0.0, 1.0, 0.0, 1.033478, 0.0, 0.0, 0.0, 1.0],
                [1.0, 0.0, 0.0, 0.193715, 0.0, 0.0, -1.0, 2.578396, 0.0, 1.0, 0.0, 1.031884, 0.0, 0.0, 0.0, 1.0]
            ]
        },
        {
            "name": "IK_Hand_L",
            "time": [0.0, 0.1, 0.15, 0.2, 0.3, 0.4],
            "transform": [
                [1.0, -0.0, 0.0, -0.551478, 0.0, 0.0, -1.0, 0.279232, 0.0, 1.0, 0.0, 0.802347, 0.0, 0.0, 0.0, 1.0],
                [1.0, -0.0, 0.0, -0.375004, 0.0, 0.0, -1.0, 1.638485, 0.0, 1.0, 0.0, 0.357904, 0.0, 0.0, 0.0, 1.0],
                [1.0, -0.0, 0.0, -0.480786, 0.0, 0.0, -1.0, 2.010522, 0.0, 1.0, 0.0, 0.485622, 0.0, 0.0, 0.0, 1.0],
                [1.0, -0.0, 0.0, -0.586569, 0.0, 0.0, -1.0, 2.239651, 0.0, 1.0, 0.0, 0.684447, 0.0, 0.0, 0.0, 1.0],
                [1.0, -0.0, 0.0, -0.580749, 0.0, 0.0, -1.0, 2.712007, 0.0, 1.0, 0.0, 0.779258, 0.0, 0.0, 0.0, 1.0],
                [1.0, -0.0, 0.0, -0.57493, 0.0, 0.0, -1.0, 3.327759, 0.0, 1.0, 0.0, 0.588996, 0.0, 0.0, 0.0, 1.0]
            ]
        },
        {
            "name": "IK_Hand_R",
            "time": [0.0, 0.1, 0.15, 0.3, 0.4],
            "transform": [
                [1.0, 0.0, 0.0, 0.576603, 0.0, -1e-06, -1.0, -0.331639, 0.0, 1.0, -1e-06, 0.687109, 0.0, 0.0, 0.0, 1.0],
                [1.0, 0.0, 0.0, 0.463506, 0.0, -1e-06, -1.0, 0.976549, 0.0, 1.0, -1e-06, 0.828257, 0.0, 0.0, 0.0, 1.0],
                [1.0, 0.0, 0.0, 0.463506, 0.0, -1e-06, -1.0, 1.440227, 0.0, 1.0, -1e-06, 0.828257, 0.0, 0.0, 0.0, 1.0],
                [1.0, 0.0, 0.0, 0.463506, 0.0, -1e-06, -1.0, 2.461787, 0.0, 1.0, -1e-06, 0.828256, 0.0, 0.0, 0.0, 1.0],
                [1.0, 0.0, 0.0, 0.426639, 0.0, -1e-06, -1.0, 2.796692, 0.0, 1.0, -1e-06, 0.700219, 0.0, 0.0, 0.0, 1.0]
            ]
        },
        {
            "name": "IK_Kneel_R",
            "time": [0.0, 0.1, 0.15, 0.4],
            "transform": [
                [1.0, -0.0, 1e-06, 0.165122, 1e-06, -0.0, -1.0, 0.610969, 0.0, 1.0, 0.0, 0.430638, 0.0, 0.0, 0.0, 1.0],
                [1.0, -0.0, 1e-06, 0.243214, 1e-06, -0.0, -1.0, 1.53234, 0.0, 1.0, 0.0, 0.396421, 0.0, 0.0, 0.0, 1.0],
                [1.0, -0.0, 1e-06, 0.262313, 1e-06, -0.0, -1.0, 2.024343, 0.0, 1.0, 0.0, 0.089168, 0.0, 0.0, 0.0, 1.0],
                [1.0, -0.0, 1e-06, 0.288548, 1e-06, -0.0, -1.0, 3.5, 0.0, 1.0, 0.0, 0.379206, 0.0, 0.0, 0.0, 1.0]
            ]
        },
        {
            "name": "IK_Tool_R",
            "time": [0.0, 0.1, 0.15, 0.3, 0.4],
            "transform": [
                [-2e-06, -2e-06, 1.0, 1.233981, 1.0, 1e-06, 2e-06, 0.497615, -1e-06, 1.0, 2e-06, 0.468982, 0.0, 0.0, 0.0, 1.0],
                [-2e-06, -2e-06, 1.0, 1.036028, 1.0, 1e-06, 2e-06, 1.165881, -1e-06, 1.0, 2e-06, 0.617374, 0.0, 0.0, 0.0, 1.0],
                [-2e-06, -2e-06, 1.0, 1.036028, 1.0, 1e-06, 2e-06, 1.654381, -1e-06, 1.0, 2e-06, 0.617374, 0.0, 0.0, 0.0, 1.0],
                [-2e-06, -2e-06, 1.0, 1.036028, 1.0, 1e-06, 2e-06, 2.809983, -1e-06, 1.0, 2e-06, 0.617374, 0.0, 0.0, 0.0, 1.0],
                [-2e-06, -2e-06, 1.0, 1.001601, 1.0, 1e-06, 2e-06, 3.417227, -1e-06, 1.0, 2e-06, 0.564164, 0.0, 0.0, 0.0, 1.0]
            ]
        },
        {
            "name": "IK_Tool_L",
            "time": [0.0, 0.1, 0.15, 0.2, 0.3, 0.4],
            "transform": [
                [-2e-06, 2e-06, -1.0, 0.140405, -1.0, 0.0, 2e-06, 0.979666, 0.0, 1.0, 2e-06, 1.312682, 0.0, 0.0, 0.0, 1.0],
                [-2e-06, 2e-06, -1.0, -0.112947, -1.0, 0.0, 2e-06, 2.428287, 0.0, 1.0, 2e-06, 0.916614, 0.0, 0.0, 0.0, 1.0],
                [-2e-06, 2e-06, -1.0, -0.279794, -1.0, 0.0, 2e-06, 2.791492, 0.0, 1.0, 2e-06, 0.574137, 0.0, 0.0, 0.0, 1.0],
                [-2e-06, 2e-06, -1.0, -0.353949, -1.0, 0.0, 2e-06, 3.118773, 0.0, 1.0, 2e-06, 0.402348, 0.0, 0.0, 0.0, 1.0],
                [-2e-06, 2e-06, -1.0, -0.353949, -1.0, 0.0, 2e-06, 3.8218, 0.0, 1.0, 2e-06, 0.402348, 0.0, 0.0, 0.0, 1.0],
                [-2e-06, 2e-06, -1.0, -0.431414, -1.0, 0.0, 2e-06, 4.091268, 0.0, 1.0, 2e-06, 1.252131, 0.0, 0.0, 0.0, 1.0]
            ]
        }
    ]
}