{
    "animation": [
        {
            "name": "Root",
            "time": [0.0, 0.1, 0.2333, 0.4],
            "transform": [
                [0.499433, -0.0, 0.866353, -5e-06, 0.866353, 0.0, -0.499433, -0.004957, 0.0, 1.0, 0.0, 0.452072, 0.0, 0.0, 0.0, 1.0],
                [0.463086, -0.355075, 0.81208, -1.015522, 0.877423, 0.054212, -0.476644, 0.016961, 0.12522, 0.933265, 0.336656, 0.566797, 0.0, 0.0, 0.0, 1.0],
                [0.515678, -0.324923, 0.792781, -2.208604, 0.839648, 0.007526, -0.543079, 0.00834, 0.170493, 0.945711, 0.276702, 0.578461, 0.0, 0.0, 0.0, 1.0],
                [0.990707, -0.0, -0.136014, -3.000005, -0.136014, 0.0, -0.990707, -0.000281, 0.0, 1.0, -0.0, 0.460125, 0.0, 0.0, 0.0, 1.0]
            ]
        },
        {
            "name": "Thigh_R",
            "time": [0.0, 0.1, 0.2333, 0.4],
            "transform": [
                [0.995153, -0.094811, 0.026121, 0.124994, -0.041924, -0.168733, 0.98477, -0.002831, -0.08896, -0.981091, -0.17189, -1.2e-05, 0.0, 0.0, 0.0, 1.0],
                [0.919445, 0.388616, -0.059988, 0.154851, 0.343292, -0.867704, -0.3595, -0.100011, -0.191759, 0.309947, -0.931215, 0.041461, 0.0, 0.0, 0.0, 1.0],
                [0.657101, 0.44438, 0.608888, 0.124994, 0.560004, -0.82849, 0.000304, -0.002831, 0.504593, 0.34078, -0.793256, -1.2e-05, 0.0, 0.0, 0.0, 1.0],
                [0.967603, 0.251523, -0.021907, 0.124994, 0.077693, -0.214073, 0.973724, -0.002831, 0.240224, -0.94388, -0.226679, -1.2e-05, 0.0, 0.0, 0.0, 1.0]
            ]
        },
        {
            "name": "Leg_R",
            "time": [0.0, 0.1, 0.2333, 0.4],
            "transform": [
                [0.999847, -0.007527, -0.015777, -0.0, 0.016718, 0.1481, 0.988832, 0.374854, -0.005106, -0.988943, 0.148203, -0.0, 0.0, 0.0, 0.0, 1.0],
                [0.999725, -0.000515, 0.023448, -0.0, -0.000718, 0.998619, 0.052528, 0.374854, -0.023443, -0.05253, 0.998344, -0.0, 0.0, 0.0, 0.0, 1.0],
                [0.999537, -0.002296, 0.030315, -0.0, 0.0007, 0.998616, 0.052576, 0.374854, -0.030394, -0.05253, 0.998157, 0.0, 0.0, 0.0, 0.0, 1.0],
                [0.999814, -0.008845, -0.017147, -1e-06, 0.017191, 0.004944, 0.99984, 0.374854, -0.008758, -0.999948, 0.005096, 0.0, 0.0, 0.0, 0.0, 1.0]
            ]
        },
        {
            "name": "Knee_R",
            "time": [0.0, 0.1, 0.2333, 0.4],
            "transform": [
                [0.999957, -0.006572, -0.006549, -0.0, -0.00067, 0.652923, -0.757424, 0.374854, 0.009254, 0.757396, 0.65289, -0.0, 0.0, 0.0, 0.0, 1.0],
                [0.999902, -0.000225, 0.011734, -0.0, 0.011749, 0.026684, -0.999564, 0.374854, -7.9e-05, 0.999622, 0.026658, -0.0, 0.0, 0.0, 0.0, 1.0],
                [0.999884, -0.001148, 0.015156, 0.0, 0.015181, 0.026687, -0.999529, 0.374854, 0.000742, 0.999643, 0.026702, -0.0, 0.0, 0.0, 0.0, 1.0],
                [0.999946, -0.007826, -0.006818, -0.0, 0.000691, 0.705601, -0.70861, 0.374854, 0.010357, 0.708567, 0.705568, 0.0, 0.0, 0.0, 0.0, 1.0]
            ]
        },
        {
            "name": "Thigh_L",
            "time": [0.0, 0.1, 0.2333, 0.4],
            "transform": [
                [0.96356, -0.261663, -0.055549, -0.125006, -0.191636, -0.82014, 0.539116, -0.002831, -0.186624, -0.508825, -0.840398, -1.2e-05, 0.0, 0.0, 0.0, 1.0],
                [0.962157, -0.216967, 0.164864, -0.125006, -0.152204, 0.073937, 0.98558, -0.00283, -0.226028, -0.973375, 0.038115, -1.2e-05, 0.0, 0.0, 0.0, 1.0],
                [0.868514, -0.466034, 0.168808, -0.125006, -0.004207, 0.333625, 0.942697, -0.002831, -0.495647, -0.819455, 0.287797, -1.2e-05, 0.0, 0.0, 0.0, 1.0],
                [0.947568, -0.319127, -0.016496, -0.125006, -0.29575, -0.895368, 0.33294, -0.002831, -0.12102, -0.310604, -0.942804, -1.2e-05, 0.0, 0.0, 0.0, 1.0]
            ]
        },
        {
            "name": "Leg_L",
            "time": [0.0, 0.1, 0.2333, 0.4],
            "transform": [
                [1.0, 1.1e-05, 1.4e-05, -0.0, -1.2e-05, -0.1971, 0.980383, 0.374854, 1.3e-05, -0.980384, -0.1971, 0.0, 0.0, 0.0, 0.0, 1.0],
                [1.0, 7e-06, 2e-05, -0.0, -7e-06, -0.786646, 0.617405, 0.374854, 2e-05, -0.617406, -0.786645, 0.0, 0.0, 0.0, 0.0, 1.0],
                [1.0, 7e-06, 2e-05, 0.0, -8e-06, -0.731023, 0.682353, 0.374854, 1.9e-05, -0.682353, -0.731023, 0.0, 0.0, 0.0, 0.0, 1.0],
                [1.0, 1.1e-05, 1.2e-05, 0.0, -1.2e-05, -0.020183, 0.999796, 0.374854, 1.1e-05, -0.999796, -0.020183, 0.0, 0.0, 0.0, 0.0, 1.0]
            ]
        },
        {
            "name": "Knee_L",
            "time": [0.0, 0.1, 0.2333, 0.4],
            "transform": [
                [1.0, 1e-05, 4e-06, -0.0, -5e-06, 0.773917, -0.633288, 0.374854, -9e-06, 0.633288, 0.773917, 0.0, 0.0, 0.0, 0.0, 1.0],
                [1.0, 1.2e-05, 8e-06, 0.0, -8e-06, 0.945289, -0.326233, 0.374854, -1.1e-05, 0.326233, 0.94529, -0.0, 0.0, 0.0, 0.0, 1.0],
                [1.0, 1.1e-05, 7e-06, 0.0, -8e-06, 0.930477, -0.366351, 0.374854, -1.1e-05, 0.366351, 0.930477, -0.0, 0.0, 0.0, 0.0, 1.0],
                [1.0, 9e-06, 3e-06, 0.0, -4e-06, 0.71449, -0.699646, 0.374854, -8e-06, 0.699646, 0.71449, 0.0, 0.0, 0.0, 0.0, 1.0]
            ]
        },
        {
            "name": "Torso",
            "time": [0.0, 0.1, 0.2333, 0.4],
            "transform": [
                [0.999999, -0.001555, -0.000157, 0.0, 0.001555, 0.979924, 0.199364, 0.05, -0.000156, -0.199364, 0.979926, -0.0, 0.0, 0.0, 0.0, 1.0],
                [0.985303, -0.165291, -0.043101, 0.0, 0.165291, 0.858909, 0.48472, 0.05, -0.0431, -0.48472, 0.873607, 0.0, 0.0, 0.0, 0.0, 1.0],
                [0.977677, -0.204097, -0.049926, -0.0, 0.204097, 0.866021, 0.456456, 0.05, -0.049925, -0.456456, 0.888344, 0.0, 0.0, 0.0, 0.0, 1.0],
                [0.99968, 0.025241, 0.001741, 0.0, -0.025241, 0.990211, 0.137281, 0.05, 0.001741, -0.137281, 0.990531, -0.0, 0.0, 0.0, 0.0, 1.0]
            ]
        },
        {
            "name": "Chest",
            "time": [0.0, 0.1, 0.2333, 0.4],
            "transform": [
                [0.993298, -0.09797, -0.061319, -0.0, 0.115206, 0.796753, 0.593222, 0.35, -0.009262, -0.59631, 0.802701, 0.0, 0.0, 0.0, 0.0, 1.0],
                [1.0, -1e-06, 1e-06, -0.0, 1e-06, 1.0, 1e-06, 0.35, -1e-06, -1e-06, 1.0, 0.0, 0.0, 0.0, 0.0, 1.0],
                [1.0, -1e-06, 1e-06, -0.0, 1e-06, 1.0, 1e-06, 0.35, -1e-06, -1e-06, 1.0, -0.0, 0.0, 0.0, 0.0, 1.0],
                [0.951735, 0.085926, -0.294646, -0.0, 0.090424, 0.8389, 0.536721, 0.35, 0.293297, -0.53746, 0.790641, 0.0, 0.0, 0.0, 0.0, 1.0]
            ]
        },
        {
            "name": "Head",
            "time": [0.0, 0.1, 0.2333, 0.4],
            "transform": [
                [0.674308, 0.054562, -0.736432, -0.0, -0.443029, 0.827746, -0.344328, 0.326028, 0.590792, 0.558444, 0.582328, -0.0, 0.0, 0.0, 0.0, 1.0],
                [0.801578, 0.21273, -0.558766, -0.0, -0.430778, 0.853567, -0.293008, 0.326029, 0.414612, 0.475573, 0.77584, -0.0, 0.0, 0.0, 0.0, 1.0],
                [0.560797, 0.410381, -0.719092, 0.0, -0.616789, 0.78647, -0.03218, 0.326029, 0.552338, 0.461575, 0.694169, -0.0, 0.0, 0.0, 0.0, 1.0],
                [0.923222, 0.128412, 0.362175, -0.0, 0.089183, 0.845174, -0.526999, 0.326028, -0.373774, 0.518837, 0.768831, -0.0, 0.0, 0.0, 0.0, 1.0]
            ]
        },
        {
            "name": "Shoulder_R",
            "time": [0.0, 0.1, 0.2333, 0.4],
            "transform": [
                [-0.005681, 0.979843, 0.199691, 5e-06, -0.040237, -0.199756, 0.979019, 0.326028, 0.999174, -0.002473, 0.040561, 0.000947, 0.0, 0.0, 0.0, 1.0],
                [-0.316195, 0.81055, 0.49298, 5e-06, 0.087977, -0.492348, 0.865941, 0.326028, 0.944606, 0.317177, 0.084369, 0.000947, 0.0, 0.0, 0.0, 1.0],
                [-0.067902, 0.92547, 0.372687, 5e-06, -0.064276, -0.376831, 0.924049, 0.326028, 0.995619, 0.03879, 0.085073, 0.000946, 0.0, 0.0, 0.0, 1.0],
                [0.024991, 0.955008, 0.295524, 5e-06, -0.133091, -0.289806, 0.947787, 0.326028, 0.990789, -0.063018, 0.11986, 0.000947, 0.0, 0.0, 0.0, 1.0]
            ]
        },
        {
            "name": "Arm_R",
            "time": [0.0, 0.1, 0.2333, 0.4],
            "transform": [
                [0.240259, 0.16214, -0.957071, -0.0, 0.940206, 0.206348, 0.270984, 0.38271, 0.241427, -0.964951, -0.102867, -0.0, 0.0, 0.0, 0.0, 1.0],
                [0.169111, 0.005636, -0.985581, -0.0, 0.583004, 0.805702, 0.104642, 0.38271, 0.794674, -0.592293, 0.132968, -0.0, 0.0, 0.0, 0.0, 1.0],
                [0.590395, 0.285512, -0.754928, 0.0, 0.465309, 0.643855, 0.607401, 0.38271, 0.659485, -0.709882, 0.247277, 0.0, 0.0, 0.0, 0.0, 1.0],
                [-0.220521, -0.365534, -0.904297, 0.0, 0.615843, 0.666773, -0.419702, 0.38271, 0.756377, -0.649459, 0.078075, -0.0, 0.0, 0.0, 0.0, 1.0]
            ]
        },
        {
            "name": "Hand_R",
            "time": [0.0, 0.1, 0.2333, 0.4],
            "transform": [
                [1.0, 6e-06, -4e-06, -0.0, -5e-06, 0.292504, -0.956264, 0.329931, -4e-06, 0.956265, 0.292504, 0.0, 0.0, 0.0, 0.0, 1.0],
                [1.0, -6e-06, 0.0, -0.0, 6e-06, 0.997913, -0.06457, 0.329931, -0.0, 0.06457, 0.997913, 0.0, 0.0, 0.0, 0.0, 1.0],
                [1.0, 0.0, 0.0, 0.0, 0.0, 0.997914, -0.06457, 0.329931, -0.0, 0.06457, 0.997913, -0.0, 0.0, 0.0, 0.0, 1.0],
                [1.0, -6e-06, 0.0, -0.0, 6e-06, 0.997913, -0.06457, 0.329931, 0.0, 0.06457, 0.997914, 0.0, 0.0, 0.0, 0.0, 1.0]
            ]
        },
        {
            "name": "Tool_R",
            "time": [0.0, 0.1, 0.2333, 0.4],
            "transform": [
                [0.988985, 0.026827, -0.14557, -0.02, -0.031803, -0.921962, -0.385974, 0.291597, -0.144564, 0.386352, -0.910952, 0.0, 0.0, 0.0, 0.0, 1.0],
                [0.981796, -0.009187, -0.18972, -0.02, 0.002676, -0.998062, 0.062178, 0.291597, -0.189923, -0.061554, -0.979868, 0.0, 0.0, 0.0, 0.0, 1.0],
                [0.991151, -0.017158, 0.131624, -0.02, 0.021662, -0.957408, -0.287925, 0.291597, 0.130958, 0.288229, -0.948565, 0.0, 0.0, 0.0, 0.0, 1.0],
                [0.971449, -0.020091, -0.236397, -0.02, 0.011972, -0.990988, 0.133423, 0.291597, -0.236947, -0.132444, -0.962453, 0.0, 0.0, 0.0, 0.0, 1.0]
            ]
        },
        {
            "name": "Elbow_R",
            "time": [0.0, 0.1, 0.2333, 0.4],
            "transform": [
                [-1.0, 0.0, -0.0, -0.0, 0.0, 0.593164, -0.805082, 0.329931, 0.0, -0.805082, -0.593164, 0.0, 0.0, 0.0, 0.0, 1.0],
                [-1.0, -0.0, -0.0, -0.0, 0.0, 0.03031, -0.999541, 0.329931, 0.0, -0.999541, -0.03031, -0.0, 0.0, 0.0, 0.0, 1.0],
                [-1.0, -0.0, -0.0, -0.0, 0.0, 0.03031, -0.999541, 0.329931, 0.0, -0.999542, -0.03031, 0.0, 0.0, 0.0, 0.0, 1.0],
                [-1.000001, -0.0, -0.0, -0.0, 0.0, 0.03031, -0.999541, 0.329931, 0.0, -0.999542, -0.03031, 0.0, 0.0, 0.0, 0.0, 1.0]
            ]
        },
        {
            "name": "Shoulder_L",
            "time": [0.0, 0.1, 0.2333, 0.4],
            "transform": [
                [-0.263219, -0.949239, -0.172225, 0.0, -0.003433, -0.177597, 0.984097, 0.326028, -0.96473, 0.259624, 0.043488, 0.0, 0.0, 0.0, 0.0, 1.0],
                [-0.263219, -0.949239, -0.172224, 0.0, -0.003433, -0.177597, 0.984097, 0.326028, -0.96473, 0.259624, 0.043488, -0.0, 0.0, 0.0, 0.0, 1.0],
                [-0.257466, -0.949375, -0.179999, 0.0, -0.032667, -0.177621, 0.983557, 0.326029, -0.965735, 0.259112, 0.014718, -0.0, 0.0, 0.0, 0.0, 1.0],
                [-0.250941, -0.949522, -0.188247, -0.0, -0.064467, -0.177645, 0.981981, 0.326028, -0.965853, 0.258555, -0.016635, -0.0, 0.0, 0.0, 0.0, 1.0]
            ]
        },
        {
            "name": "Arm_L",
            "time": [0.0, 0.1, 0.2333, 0.4],
            "transform": [
                [-0.283644, 0.855319, 0.43356, 0.0, -0.740221, 0.09213, -0.66602, 0.382712, -0.609605, -0.509842, 0.606994, 0.0, 0.0, 0.0, 0.0, 1.0],
                [0.001481, 0.91008, 0.414429, -0.0, -0.217254, 0.404823, -0.888211, 0.382713, -0.976114, -0.088721, 0.198319, -0.0, 0.0, 0.0, 0.0, 1.0],
                [0.207753, 0.258636, 0.943369, 0.0, -0.624355, 0.777468, -0.075654, 0.382713, -0.753006, -0.573281, 0.323002, -0.0, 0.0, 0.0, 0.0, 1.0],
                [0.010138, 0.252149, 0.967635, -0.0, -0.88791, 0.447336, -0.107266, 0.382713, -0.459906, -0.858085, 0.228421, 0.0, 0.0, 0.0, 0.0, 1.0]
            ]
        },
        {
            "name": "Hand_L",
            "time": [0.0, 0.1, 0.2333, 0.4],
            "transform": [
                [1.0, 3e-06, -0.0, 0.0, -3e-06, 0.866272, -0.499573, 0.329931, -1e-06, 0.499573, 0.866272, 0.0, 0.0, 0.0, 0.0, 1.0],
                [1.0, 6e-06, -3e-06, 0.0, -5e-06, 0.463223, -0.886242, 0.329931, -4e-06, 0.886242, 0.463223, 0.0, 0.0, 0.0, 0.0, 1.0],
                [1.0, 6e-06, -8e-06, 0.0, -5e-06, -0.346861, -0.937917, 0.329931, -8e-06, 0.937917, -0.346861, -0.0, 0.0, 0.0, 0.0, 1.0],
                [1.0, 6e-06, -3e-06, -0.0, -5e-06, 0.391193, -0.920309, 0.329931, -4e-06, 0.920309, 0.391193, -0.0, 0.0, 0.0, 0.0, 1.0]
            ]
        },
        {
            "name": "Tool_L",
            "time": [0.0, 0.1, 0.2333, 0.4],
            "transform": [
                [0.97538, -0.026655, 0.218918, 0.02, 0.034146, -0.962445, -0.269321, 0.291597, 0.217875, 0.270166, -0.937839, -0.0, 0.0, 0.0, 0.0, 1.0],
                [0.824226, -0.177089, 0.537859, 0.02, 0.19543, -0.802521, -0.563709, 0.291597, 0.53147, 0.569737, -0.626849, -0.0, 0.0, 0.0, 0.0, 1.0],
                [0.998529, -0.023403, 0.048921, 0.02, 0.025067, -0.600756, -0.79904, 0.291597, 0.04809, 0.799091, -0.599285, -0.0, 0.0, 0.0, 0.0, 1.0],
                [0.973932, -0.038462, 0.223558, 0.02, 0.046106, -0.931386, -0.361101, 0.291597, 0.222108, 0.361995, -0.905333, -0.0, 0.0, 0.0, 0.0, 1.0]
            ]
        },
        {
            "name": "Elbow_L",
            "time": [0.0, 0.1, 0.2333, 0.4],
            "transform": [
                [-0.999999, -0.0, -1e-06, 0.0, 0.0, 0.256655, -0.966503, 0.329931, 0.0, -0.966502, -0.256654, 0.0, 0.0, 0.0, 0.0, 1.0],
                [-1.0, -0.0, -1e-06, 0.0, 1e-06, 0.516356, -0.856374, 0.329931, 0.0, -0.856374, -0.516356, -0.0, 0.0, 0.0, 0.0, 1.0],
                [-1.0, 0.0, -0.0, 0.0, 0.0, 0.819487, -0.573098, 0.329931, -0.0, -0.573097, -0.819487, -0.0, 0.0, 0.0, 0.0, 1.0],
                [-1.0, 0.0, -0.0, 0.0, 0.0, 0.550064, -0.835122, 0.329931, 0.0, -0.835122, -0.550064, -0.0, 0.0, 0.0, 0.0, 1.0]
            ]
        }
    ]
}