{
    "animation": [
        {
            "name": "Root",
            "time": [0.0, 0.0667, 0.15, 0.2333, 0.3333, 0.4],
            "transform": [
                [0.80635, -0.072416, 0.586989, -5e-06, 0.579748, -0.099585, -0.808688, 0.000946, 0.117017, 0.99239, -0.038317, 0.461414, 0.0, 0.0, 0.0, 1.0],
                [0.959741, -0.045359, 0.277202, -5e-06, 0.172657, -0.683155, -0.709569, -0.486777, 0.221557, 0.728863, -0.64782, 0.549049, 0.0, 0.0, 0.0, 1.0],
                [0.998522, -0.051802, 0.016435, -5e-06, -0.002827, -0.351508, -0.936181, -1.222881, 0.054273, 0.934751, -0.351135, 0.636685, 0.0, 0.0, 0.0, 1.0],
                [0.866703, -0.059917, -0.495213, -5e-06, -0.496474, -0.199877, -0.844726, -1.932787, -0.048368, 0.977987, -0.202981, 0.616848, 0.0, 0.0, 0.0, 1.0],
                [0.710149, -0.162637, -0.685009, -5e-06, -0.703127, -0.11398, -0.70187, -2.699054, 0.036072, 0.98008, -0.195297, 0.349855, 0.0, 0.0, 0.0, 1.0],
                [0.710149, -0.162637, -0.685009, -5e-06, -0.703127, -0.11398, -0.70187, -2.999053, 0.036072, 0.98008, -0.195297, 0.449855, 0.0, 0.0, 0.0, 1.0]
            ]
        },
        {
            "name": "Thigh_R",
            "time": [0.0, 0.0667, 0.15, 0.2333, 0.3333, 0.4],
            "transform": [
                [0.784912, 0.612257, 0.095156, 0.124994, 0.21189, -0.409552, 0.887339, -0.002831, 0.58225, -0.67632, -0.451194, -1.2e-05, 0.0, 0.0, 0.0, 1.0],
                [0.999783, 0.005538, 0.020092, 0.126077, 0.00098, -0.975473, 0.220119, -0.188921, 0.020818, -0.220052, -0.975267, -0.043247, 0.0, 0.0, 0.0, 1.0],
                [0.774138, 0.099868, 0.625089, 0.124994, -0.2164, -0.886231, 0.409591, -0.002831, 0.594879, -0.452349, -0.664455, -1.2e-05, 0.0, 0.0, 0.0, 1.0],
                [0.848723, 0.402901, -0.342548, 0.121247, 0.219256, -0.85753, -0.46537, 0.072929, -0.481243, 0.319864, -0.816145, -0.015736, 0.0, 0.0, 0.0, 1.0],
                [0.793159, 0.491169, -0.360072, 0.069231, 0.573072, -0.802037, 0.168302, 0.114668, -0.206127, -0.339838, -0.917618, 0.037125, 0.0, 0.0, 0.0, 1.0],
                [0.844313, 0.453064, -0.286126, 0.069231, 0.477535, -0.878425, 0.018195, 0.114668, -0.243097, -0.151997, -0.95802, 0.037125, 0.0, 0.0, 0.0, 1.0]
            ]
        },
        {
            "name": "Leg_R",
            "time": [0.0, 0.0667, 0.15, 0.2333, 0.3333, 0.4],
            "transform": [
                [1.0, 3.6e-05, 3.7e-05, 0.0, -3.8e-05, 0.056011, 0.99843, 0.374854, 3.4e-05, -0.99843, 0.056011, -0.0, 0.0, 0.0, 0.0, 1.0],
                [1.0, -1.3e-05, 3e-06, -0.0, 1.3e-05, 0.998619, 0.05253, 0.374854, -3e-06, -0.05253, 0.998619, -0.0, 0.0, 0.0, 0.0, 1.0],
                [1.0, 5e-06, 3e-06, 0.0, -5e-06, 0.991041, 0.133561, 0.374854, -2e-06, -0.133561, 0.99104, 0.0, 0.0, 0.0, 0.0, 1.0],
                [1.0, 2e-05, 9e-06, -0.0, -2.1e-05, 0.825875, 0.563854, 0.374854, 4e-06, -0.563853, 0.825875, -0.0, 0.0, 0.0, 0.0, 1.0],
                [1.0, 3.5e-05, 2.9e-05, 0.0, -3.7e-05, 0.260974, 0.965346, 0.374854, 2.6e-05, -0.965346, 0.260974, -0.0, 0.0, 0.0, 0.0, 1.0],
                [1.0, 2.8e-05, 1.6e-05, 0.0, -3e-05, 0.611087, 0.791564, 0.374854, 1.2e-05, -0.791564, 0.611086, 0.0, 0.0, 0.0, 0.0, 1.0]
            ]
        },
        {
            "name": "Knee_R",
            "time": [0.0, 0.0667, 0.15, 0.2333, 0.3333, 0.4],
            "transform": [
                [1.0, 2.9e-05, 9e-06, 0.0, -1.3e-05, 0.687313, -0.726362, 0.374854, -2.7e-05, 0.726362, 0.687313, -0.0, 0.0, 0.0, 0.0, 1.0],
                [1.0, -6e-06, -2e-06, -0.0, -2e-06, 0.026679, -0.999644, 0.374854, 6e-06, 0.999644, 0.026679, -0.0, 0.0, 0.0, 0.0, 1.0],
                [1.0, 4e-06, -2e-06, 0.0, -2e-06, 0.067334, -0.997731, 0.374854, -4e-06, 0.997731, 0.067334, -0.0, 0.0, 0.0, 0.0, 1.0],
                [1.0, 1.3e-05, -0.0, -0.0, -4e-06, 0.29545, -0.955358, 0.374854, -1.2e-05, 0.955358, 0.29545, -0.0, 0.0, 0.0, 0.0, 1.0],
                [1.0, 2.5e-05, 7e-06, -0.0, -1e-05, 0.608197, -0.793786, 0.374854, -2.4e-05, 0.793786, 0.608197, -0.0, 0.0, 0.0, 0.0, 1.0],
                [1.0, 1.8e-05, 2e-06, -0.0, -6e-06, 0.441335, -0.897342, 0.374854, -1.8e-05, 0.897342, 0.441336, 0.0, 0.0, 0.0, 0.0, 1.0]
            ]
        },
        {
            "name": "Thigh_L",
            "time": [0.0, 0.0667, 0.15, 0.2333, 0.3333, 0.4],
            "transform": [
                [0.881423, -0.25199, 0.399493, -0.125006, -0.331348, -0.932642, 0.142781, -0.002831, 0.336605, -0.258222, -0.905549, -1.2e-05, 0.0, 0.0, 0.0, 1.0],
                [0.977344, -0.142691, 0.156325, -0.125006, -0.198835, -0.872127, 0.447056, -0.00283, 0.072545, -0.46801, -0.880741, -1.2e-05, 0.0, 0.0, 0.0, 1.0],
                [0.984881, 0.04429, 0.167475, -0.125006, -0.134419, -0.414442, 0.900094, -0.002831, 0.109274, -0.908997, -0.402223, -1.2e-05, 0.0, 0.0, 0.0, 1.0],
                [0.89808, -0.437966, 0.040474, -0.125006, -0.208822, -0.343591, 0.915608, -0.002831, -0.387099, -0.830741, -0.400029, -1.2e-05, 0.0, 0.0, 0.0, 1.0],
                [0.632097, -0.681433, 0.36892, -0.125006, -0.591964, -0.117421, 0.797365, -0.00283, -0.500032, -0.7224, -0.477605, -1.2e-05, 0.0, 0.0, 0.0, 1.0],
                [0.691588, -0.700703, 0.175273, -0.125006, -0.545041, -0.347042, 0.763212, -0.00283, -0.473958, -0.623359, -0.621923, -1.2e-05, 0.0, 0.0, 0.0, 1.0]
            ]
        },
        {
            "name": "Leg_L",
            "time": [0.0, 0.0667, 0.15, 0.2333, 0.3333, 0.4],
            "transform": [
                [1.0, 1.1e-05, 1.2e-05, 0.0, -1.2e-05, 0.009451, 0.999955, 0.374854, 1.1e-05, -0.999955, 0.009451, 0.0, 0.0, 0.0, 0.0, 1.0],
                [1.0, 9e-06, 1.7e-05, 0.0, -1e-05, -0.493563, 0.86971, 0.374854, 1.6e-05, -0.86971, -0.493563, -0.0, 0.0, 0.0, 0.0, 1.0],
                [1.0, 1.1e-05, 1.4e-05, -0.0, -1.2e-05, -0.230689, 0.973028, 0.374854, 1.4e-05, -0.973027, -0.230689, -0.0, 0.0, 0.0, 0.0, 1.0],
                [1.0, 9e-06, 1.7e-05, -0.0, -1e-05, -0.507669, 0.861552, 0.374854, 1.6e-05, -0.861552, -0.507669, 0.0, 0.0, 0.0, 0.0, 1.0],
                [1.0, 1.1e-05, 1.3e-05, 0.0, -1.2e-05, -0.030931, 0.999522, 0.374854, 1.2e-05, -0.999521, -0.030931, -0.0, 0.0, 0.0, 0.0, 1.0],
                [1.0, 1.1e-05, 1e-05, -0.0, -1.2e-05, 0.23993, 0.97079, 0.374854, 8e-06, -0.97079, 0.23993, -0.0, 0.0, 0.0, 0.0, 1.0]
            ]
        },
        {
            "name": "Knee_L",
            "time": [0.0, 0.0667, 0.15, 0.2333, 0.3333, 0.4],
            "transform": [
                [1.0, 9e-06, 3e-06, 0.0, -4e-06, 0.704045, -0.710156, 0.374854, -8e-06, 0.710155, 0.704045, 0.0, 0.0, 0.0, 0.0, 1.0],
                [1.0, 1.1e-05, 5e-06, 0.0, -7e-06, 0.864369, -0.502859, 0.374854, -1e-05, 0.502859, 0.864369, 0.0, 0.0, 0.0, 0.0, 1.0],
                [1.0, 1e-05, 4e-06, -0.0, -5e-06, 0.78469, -0.619889, 0.374854, -9e-06, 0.619889, 0.78469, -0.0, 0.0, 0.0, 0.0, 1.0],
                [1.0, 1.1e-05, 6e-06, -0.0, -7e-06, 0.868437, -0.4958, 0.374854, -1e-05, 0.495799, 0.868437, 0.0, 0.0, 0.0, 0.0, 1.0],
                [1.0, 9e-06, 3e-06, 0.0, -4e-06, 0.718241, -0.695795, 0.374854, -9e-06, 0.695795, 0.718241, -0.0, 0.0, 0.0, 0.0, 1.0],
                [1.0, 8e-06, 2e-06, 0.0, -3e-06, 0.616788, -0.787129, 0.374854, -8e-06, 0.787129, 0.616788, 0.0, 0.0, 0.0, 0.0, 1.0]
            ]
        },
        {
            "name": "Torso",
            "time": [0.0, 0.0667, 0.15, 0.2333, 0.3333, 0.4],
            "transform": [
                [0.966993, 0.246349, 0.065096, 0.0, -0.253269, 0.957274, 0.139573, 0.05, -0.027931, -0.151453, 0.98807, -0.0, 0.0, 0.0, 0.0, 1.0],
                [0.997955, 0.01958, 0.060851, 0.0, -0.003932, 0.968933, -0.247292, 0.05, -0.063803, 0.246547, 0.967028, -0.0, 0.0, 0.0, 0.0, 1.0],
                [0.999759, 0.021769, 0.002949, 0.0, -0.021916, 0.9976, 0.065682, 0.05, -0.001513, -0.065731, 0.997836, 0.0, 0.0, 0.0, 0.0, 1.0],
                [0.972248, -0.22736, -0.05515, -0.0, 0.233852, 0.937538, 0.257554, 0.05, -0.006853, -0.263304, 0.964688, -0.0, 0.0, 0.0, 0.0, 1.0],
                [0.982093, -0.180175, -0.055051, 0.0, 0.188293, 0.928969, 0.31869, 0.05, -0.00628, -0.323348, 0.94626, -0.0, 0.0, 0.0, 0.0, 1.0],
                [0.959102, -0.27261, -0.076212, 0.0, 0.279885, 0.873087, 0.39923, 0.05, -0.042294, -0.404232, 0.913678, -1e-06, 0.0, 0.0, 0.0, 1.0]
            ]
        },
        {
            "name": "Chest",
            "time": [0.0, 0.0667, 0.15, 0.2333, 0.3333, 0.4],
            "transform": [
                [0.970791, 0.044861, 0.235696, 0.0, -0.147231, 0.887041, 0.437587, 0.35, -0.189442, -0.459507, 0.867735, 0.0, 0.0, 0.0, 0.0, 1.0],
                [1.0, -1e-06, 1e-06, -0.0, 1e-06, 1.0, 1e-06, 0.35, -1e-06, -1e-06, 1.0, 0.0, 0.0, 0.0, 0.0, 1.0],
                [1.0, -1e-06, 1e-06, 0.0, 1e-06, 1.0, 1e-06, 0.35, -1e-06, -1e-06, 1.0, 0.0, 0.0, 0.0, 0.0, 1.0],
                [0.946451, 0.108178, -0.304185, -0.0, 0.128976, 0.737048, 0.66342, 0.35, 0.295966, -0.667127, 0.683628, -0.0, 0.0, 0.0, 0.0, 1.0],
                [0.847605, 0.118603, -0.517203, -0.0, 0.198407, 0.833163, 0.516211, 0.35, 0.492139, -0.540159, 0.682661, -0.0, 0.0, 0.0, 0.0, 1.0],
                [0.847605, 0.118603, -0.517203, 0.0, 0.198407, 0.833163, 0.516211, 0.35, 0.492139, -0.540159, 0.682661, 0.0, 0.0, 0.0, 0.0, 1.0]
            ]
        },
        {
            "name": "Head",
            "time": [0.0, 0.0667, 0.15, 0.2333, 0.3333, 0.4],
            "transform": [
                [0.68316, -0.235024, -0.691416, -0.0, -0.093118, 0.911033, -0.401682, 0.326028, 0.724307, 0.338796, 0.600497, -0.0, 0.0, 0.0, 0.0, 1.0],
                [0.950656, 0.265453, -0.160585, 0.0, 0.049731, 0.380527, 0.923432, 0.326028, 0.306235, -0.885852, 0.348549, 0.0, 0.0, 0.0, 0.0, 1.0],
                [0.997796, 0.06587, -0.007977, 0.0, -0.053708, 0.872408, 0.485818, 0.326028, 0.03896, -0.484319, 0.874023, -0.0, 0.0, 0.0, 0.0, 1.0],
                [0.69647, 0.171712, 0.696738, -0.0, 0.260837, 0.843952, -0.468731, 0.326028, -0.6685, 0.508192, 0.542999, 0.0, 0.0, 0.0, 0.0, 1.0],
                [0.346757, 0.234063, 0.908281, 0.0, 0.265576, 0.904234, -0.334409, 0.326029, -0.899572, 0.357176, 0.251388, 0.0, 0.0, 0.0, 0.0, 1.0],
                [0.31653, 0.359303, 0.877901, 0.0, 0.251273, 0.860667, -0.442847, 0.326028, -0.914697, 0.360767, 0.182144, 0.0, 0.0, 0.0, 0.0, 1.0]
            ]
        },
        {
            "name": "Shoulder_R",
            "time": [0.0, 0.0667, 0.15, 0.2333, 0.3333, 0.4],
            "transform": [
                [0.000441, 0.979843, 0.199771, 5e-06, -0.010214, -0.199756, 0.979792, 0.326028, 0.999948, -0.002473, 0.009919, 0.000947, 0.0, 0.0, 0.0, 1.0],
                [0.000759, 0.979842, 0.19977, 5e-06, -0.008657, -0.199756, 0.979807, 0.326028, 0.999962, -0.002473, 0.008331, 0.000947, 0.0, 0.0, 0.0, 1.0],
                [0.002481, 0.979842, 0.199756, 5e-06, -0.000212, -0.199756, 0.979846, 0.326028, 0.999997, -0.002473, -0.000288, 0.000946, 0.0, 0.0, 0.0, 1.0],
                [0.003686, 0.979843, 0.199737, 5e-06, 0.005701, -0.199756, 0.979829, 0.326028, 0.999977, -0.002473, -0.006322, 0.000947, 0.0, 0.0, 0.0, 1.0],
                [0.003686, 0.979843, 0.199737, 6e-06, 0.005701, -0.199756, 0.979829, 0.326028, 0.999977, -0.002473, -0.006322, 0.000947, 0.0, 0.0, 0.0, 1.0],
                [0.123779, 0.901679, 0.41431, 5e-06, -0.045769, -0.411889, 0.910084, 0.326028, 0.991254, -0.131612, -0.009715, 0.000947, 0.0, 0.0, 0.0, 1.0]
            ]
        },
        {
            "name": "Arm_R",
            "time": [0.0, 0.0667, 0.15, 0.2333, 0.3333, 0.4],
            "transform": [
                [0.320661, 0.625777, -0.711041, 0.0, 0.605881, 0.441506, 0.6618, 0.38271, 0.728068, -0.64302, -0.237573, 0.0, 0.0, 0.0, 0.0, 1.0],
                [-0.084395, -0.011358, -0.996367, 0.0, 0.918376, 0.387076, -0.082201, 0.38271, 0.386604, -0.921977, -0.022237, 0.0, 0.0, 0.0, 0.0, 1.0],
                [-0.202548, -0.086607, -0.975434, -0.0, 0.837165, 0.501469, -0.218361, 0.38271, 0.508062, -0.860829, -0.029067, 0.0, 0.0, 0.0, 0.0, 1.0],
                [-0.209308, -0.808728, -0.54968, 0.0, 0.490422, 0.399504, -0.774521, 0.38271, 0.845976, -0.431689, 0.312999, 0.0, 0.0, 0.0, 0.0, 1.0],
                [0.032213, -0.582606, -0.812116, -0.0, 0.438181, 0.738521, -0.512429, 0.38271, 0.898309, -0.339347, 0.279077, 0.0, 0.0, 0.0, 0.0, 1.0],
                [0.059132, -0.499483, -0.864303, 0.0, 0.339635, 0.824231, -0.453089, 0.38271, 0.938696, -0.266755, 0.21838, -0.0, 0.0, 0.0, 0.0, 1.0]
            ]
        },
        {
            "name": "Hand_R",
            "time": [0.0, 0.0667, 0.15, 0.2333, 0.3333, 0.4],
            "transform": [
                [1.0, 6e-06, -4e-06, 0.0, -5e-06, 0.240999, -0.970525, 0.329931, -5e-06, 0.970526, 0.240999, -0.0, 0.0, 0.0, 0.0, 1.0],
                [1.0, -6e-06, 0.0, 0.0, 6e-06, 0.997913, -0.06457, 0.329931, 0.0, 0.06457, 0.997913, 0.0, 0.0, 0.0, 0.0, 1.0],
                [1.0, 4e-06, -1e-06, 0.0, -4e-06, 0.747081, -0.664733, 0.329931, -2e-06, 0.664733, 0.747081, 0.0, 0.0, 0.0, 0.0, 1.0],
                [1.0, 4e-06, -1e-06, -0.0, -3e-06, 0.797082, -0.603872, 0.329931, -1e-06, 0.603872, 0.797081, 0.0, 0.0, 0.0, 0.0, 1.0],
                [1.0, -6e-06, 0.0, 0.0, 6e-06, 0.997913, -0.06457, 0.329931, -0.0, 0.06457, 0.997913, 0.0, 0.0, 0.0, 0.0, 1.0],
                [1.0, -8e-06, 0.0, -0.0, 8e-06, 0.997914, -0.06457, 0.329931, 0.0, 0.06457, 0.997914, 0.0, 0.0, 0.0, 0.0, 1.0]
            ]
        },
        {
            "name": "Tool_R",
            "time": [0.0, 0.0667, 0.15, 0.2333, 0.3333, 0.4],
            "transform": [
                [0.997757, 0.00722, -0.06655, -0.02, -0.009498, -0.968837, -0.247521, 0.291597, -0.066263, 0.247598, -0.966595, 0.0, 0.0, 0.0, 0.0, 1.0],
                [0.957304, -0.142181, 0.2517, -0.02, 0.150729, -0.497467, -0.854288, 0.291597, 0.246676, 0.855752, -0.454796, 0.0, 0.0, 0.0, 0.0, 1.0],
                [0.992815, -0.065544, 0.100117, -0.02, 0.068939, -0.370579, -0.926241, 0.291597, 0.097811, 0.926487, -0.363397, -0.0, 0.0, 0.0, 0.0, 1.0],
                [0.954422, 0.135189, -0.266087, -0.02, -0.144236, -0.571594, -0.807761, 0.291597, -0.261294, 0.809323, -0.526043, -0.0, 0.0, 0.0, 0.0, 1.0],
                [0.996444, 0.01061, -0.083588, -0.02, -0.013471, -0.95922, -0.282339, 0.291597, -0.083175, 0.282461, -0.955667, -0.0, 0.0, 0.0, 0.0, 1.0],
                [0.996973, 0.008822, -0.077256, -0.02, -0.011467, -0.966, -0.25829, 0.291597, -0.076908, 0.258393, -0.962974, -0.0, 0.0, 0.0, 0.0, 1.0]
            ]
        },
        {
            "name": "Elbow_R",
            "time": [0.0, 0.0667, 0.15, 0.2333, 0.3333, 0.4],
            "transform": [
                [-1.0, -0.0, -1e-06, 0.0, 0.0, 0.614465, -0.788944, 0.329931, 0.0, -0.788945, -0.614466, -0.0, 0.0, 0.0, 0.0, 1.0],
                [-1.0, -0.0, -0.0, 0.0, 0.0, 0.03031, -0.999541, 0.329931, -0.0, -0.999541, -0.030309, 0.0, 0.0, 0.0, 0.0, 1.0],
                [-1.0, 0.0, -0.0, -0.0, 0.0, 0.353748, -0.935341, 0.329931, 0.0, -0.935342, -0.353748, 0.0, 0.0, 0.0, 0.0, 1.0],
                [-1.0, -0.0, -0.0, -0.0, 0.0, 0.316637, -0.948547, 0.329931, 0.0, -0.948547, -0.316637, 0.0, 0.0, 0.0, 0.0, 1.0],
                [-1.0, 0.0, -0.0, 0.0, 0.0, 0.03031, -0.999541, 0.329931, 0.0, -0.999541, -0.030309, 0.0, 0.0, 0.0, 0.0, 1.0],
                [-1.000001, -0.0, -0.0, 0.0, 0.0, 0.030309, -0.999541, 0.329931, 0.0, -0.999541, -0.03031, 0.0, 0.0, 0.0, 0.0, 1.0]
            ]
        },
        {
            "name": "Shoulder_L",
            "time": [0.0, 0.0667, 0.15, 0.2333, 0.3333, 0.4],
            "transform": [
                [-0.256541, -0.949396, -0.181203, 0.0, -0.037257, -0.177624, 0.983393, 0.326028, -0.965815, 0.259032, 0.010196, -0.0, 0.0, 0.0, 0.0, 1.0],
                [-0.256988, -0.949386, -0.180622, 0.0, -0.035042, -0.177622, 0.983475, 0.326028, -0.965779, 0.259071, 0.012378, 0.0, 0.0, 0.0, 0.0, 1.0],
                [-0.261385, -0.949283, -0.174756, 0.0, -0.012879, -0.177604, 0.984018, 0.326028, -0.965149, 0.259458, 0.034197, -0.0, 0.0, 0.0, 0.0, 1.0],
                [-0.265773, -0.949177, -0.168606, -0.0, 0.009945, -0.177586, 0.984055, 0.326028, -0.963984, 0.259858, 0.056638, 0.0, 0.0, 0.0, 0.0, 1.0],
                [-0.268084, -0.94912, -0.165237, 0.0, 0.022276, -0.177577, 0.983855, 0.326028, -0.963138, 0.260075, 0.068748, 0.0, 0.0, 0.0, 0.0, 1.0],
                [-0.268084, -0.94912, -0.165237, 0.0, 0.022276, -0.177577, 0.983855, 0.326028, -0.963138, 0.260075, 0.068748, 0.0, 0.0, 0.0, 0.0, 1.0]
            ]
        },
        {
            "name": "Arm_L",
            "time": [0.0, 0.0667, 0.15, 0.2333, 0.3333, 0.4],
            "transform": [
                [-0.045435, 0.3634, 0.930524, -0.0, -0.859396, 0.460666, -0.221867, 0.382712, -0.509288, -0.809769, 0.291375, -0.0, 0.0, 0.0, 0.0, 1.0],
                [-0.536833, 0.025893, 0.84329, 0.0, -0.667089, 0.598912, -0.443053, 0.382713, -0.516528, -0.800396, -0.304244, -0.0, 0.0, 0.0, 0.0, 1.0],
                [-0.244948, 0.504923, 0.827679, -0.0, -0.855638, 0.288882, -0.429454, 0.382713, -0.455943, -0.813387, 0.36127, 0.0, 0.0, 0.0, 0.0, 1.0],
                [0.110606, -0.143538, 0.983444, -0.0, -0.829547, 0.531644, 0.170894, 0.382712, -0.547373, -0.834715, -0.060269, 0.0, 0.0, 0.0, 0.0, 1.0],
                [0.240499, -0.649497, 0.721327, -0.0, -0.382045, 0.619815, 0.68547, 0.382712, -0.892301, -0.440435, -0.099073, -0.0, 0.0, 0.0, 0.0, 1.0],
                [0.310147, -0.649466, 0.694263, -0.0, -0.393111, 0.577306, 0.715668, 0.382713, -0.865605, -0.494886, -0.076263, -0.0, 0.0, 0.0, 0.0, 1.0]
            ]
        },
        {
            "name": "Hand_L",
            "time": [0.0, 0.0667, 0.15, 0.2333, 0.3333, 0.4],
            "transform": [
                [1.0, 5e-06, -2e-06, 0.0, -4e-06, 0.619235, -0.785207, 0.32993, -3e-06, 0.785206, 0.619234, -0.0, 0.0, 0.0, 0.0, 1.0],
                [1.0, 5e-06, -2e-06, -0.0, -4e-06, 0.652131, -0.758107, 0.329931, -2e-06, 0.758107, 0.65213, -0.0, 0.0, 0.0, 0.0, 1.0],
                [1.0, 0.0, 0.0, -0.0, -0.0, 0.997913, -0.064569, 0.329931, -0.0, 0.064569, 0.997913, -0.0, 0.0, 0.0, 0.0, 1.0],
                [1.0, 6e-06, -4e-06, 0.0, -6e-06, 0.23505, -0.971984, 0.329931, -5e-06, 0.971983, 0.23505, 0.0, 0.0, 0.0, 0.0, 1.0],
                [1.0, 6e-06, -6e-06, 0.0, -6e-06, 0.008847, -0.999961, 0.329931, -6e-06, 0.999962, 0.008847, -0.0, 0.0, 0.0, 0.0, 1.0],
                [1.0, 6e-06, -6e-06, -0.0, -6e-06, 0.0016, -0.999999, 0.329931, -6e-06, 0.999999, 0.0016, 0.0, 0.0, 0.0, 0.0, 1.0]
            ]
        },
        {
            "name": "Tool_L",
            "time": [0.0, 0.0667, 0.15, 0.2333, 0.3333, 0.4],
            "transform": [
                [0.996486, -0.00818, 0.08337, 0.02, 0.011034, -0.973733, -0.22743, 0.291597, 0.083041, 0.227551, -0.970219, 0.0, 0.0, 0.0, 0.0, 1.0],
                [0.988896, -0.037663, 0.143758, 0.02, 0.04257, -0.855022, -0.516842, 0.291597, 0.142382, 0.517223, -0.843925, -0.0, 0.0, 0.0, 0.0, 1.0],
                [0.999451, 0.001266, -0.033119, 0.02, -0.002401, -0.993881, -0.110435, 0.291597, -0.033056, 0.110454, -0.993332, 0.0, 0.0, 0.0, 0.0, 1.0],
                [0.972136, -0.013174, 0.23405, 0.02, 0.021193, -0.989393, -0.143714, 0.291597, 0.23346, 0.14467, -0.961545, -0.0, 0.0, 0.0, 0.0, 1.0],
                [0.999402, 0.008113, -0.033614, 0.02, -0.009262, -0.873762, -0.486266, 0.291597, -0.033315, 0.486286, -0.873165, -0.0, 0.0, 0.0, 0.0, 1.0],
                [0.997774, 0.015102, -0.064959, 0.02, -0.017321, -0.881912, -0.471095, 0.291597, -0.064403, 0.471171, -0.879688, -0.0, 0.0, 0.0, 0.0, 1.0]
            ]
        },
        {
            "name": "Elbow_L",
            "time": [0.0, 0.0667, 0.15, 0.2333, 0.3333, 0.4],
            "transform": [
                [-1.0, -0.0, -0.0, 0.0, 0.0, 0.434534, -0.900655, 0.329931, 0.0, -0.900655, -0.434534, 0.0, 0.0, 0.0, 0.0, 1.0],
                [-1.0, -0.0, -1e-06, 0.0, 0.0, 0.415242, -0.909711, 0.329931, 0.0, -0.909711, -0.415242, -0.0, 0.0, 0.0, 0.0, 1.0],
                [-1.0, -0.0, -0.0, -0.0, 0.0, 0.030309, -0.99954, 0.329931, 0.0, -0.99954, -0.030309, -0.0, 0.0, 0.0, 0.0, 1.0],
                [-1.0, 0.0, -0.0, 0.0, 1e-06, 0.616878, -0.787059, 0.329931, 0.0, -0.787059, -0.616878, 0.0, 0.0, 0.0, 0.0, 1.0],
                [-1.0, -0.0, -1e-06, 0.0, 0.0, 0.702554, -0.711629, 0.329931, 0.0, -0.71163, -0.702555, -0.0, 0.0, 0.0, 0.0, 1.0],
                [-1.0, 0.0, -0.0, -0.0, 0.0, 0.705129, -0.709079, 0.329931, 0.0, -0.70908, -0.705128, 0.0, 0.0, 0.0, 0.0, 1.0]
            ]
        },
        {
            "name": "IK_twohand_R",
            "time": [0.0, 0.0667, 0.15, 0.2333, 0.3333, 0.4],
            "transform": [
                [0.635499, -0.315012, 0.704917, 0.591919, 0.649252, -0.276089, -0.708694, 0.314213, 0.417867, 0.908043, 0.029068, 0.558887, 0.0, 0.0, 0.0, 1.0],
                [0.771958, -0.544562, 0.327922, 0.482996, 0.330777, -0.096404, -0.938772, -0.531222, 0.542832, 0.833161, 0.10571, 0.740808, 0.0, 0.0, 0.0, 1.0],
                [0.867679, -0.475261, 0.145808, 0.501177, 0.210851, 0.086219, -0.973708, -1.183394, 0.450194, 0.87561, 0.17502, 0.86931, 0.0, 0.0, 0.0, 1.0],
                [0.76218, -0.391354, -0.515678, 0.522524, -0.25282, 0.553376, -0.793635, -2.115251, 0.595956, 0.735267, 0.32283, 0.861581, 0.0, 0.0, 0.0, 1.0],
                [0.36592, -0.242746, -0.898431, 0.291193, -0.189826, 0.92562, -0.327405, -3.377756, 0.911081, 0.290349, 0.292623, 0.893685, 0.0, 0.0, 0.0, 1.0],
                [0.366763, -0.224337, -0.902861, 0.26752, -0.192355, 0.931232, -0.309525, -3.62411, 0.910211, 0.287192, 0.29839, 0.915206, 0.0, 0.0, 0.0, 1.0]
            ]
        },
        {
            "name": "IK_twohand_L",
            "time": [0.0, 0.0667, 0.15, 0.2333, 0.3333, 0.4],
            "transform": [
                [0.484393, 0.687688, 0.540786, -0.416023, 0.621316, 0.16476, -0.766042, -0.41986, -0.615898, 0.707064, -0.347463, 0.737458, 0.0, 0.0, 0.0, 1.0],
                [0.923363, 0.374007, 0.086713, -0.480746, 0.368943, -0.801911, -0.469915, -0.752046, -0.106215, 0.465894, -0.878442, 0.394729, 0.0, 0.0, 0.0, 1.0],
                [0.960648, 0.2499, -0.121265, -0.53165, 0.067334, -0.633056, -0.771172, -1.198863, -0.269484, 0.732659, -0.624971, 0.701381, 0.0, 0.0, 0.0, 1.0],
                [0.791008, -0.081799, -0.606312, -0.497737, -0.59394, -0.340407, -0.728943, -1.631561, -0.146767, 0.936713, -0.317848, 0.629692, 0.0, 0.0, 0.0, 1.0],
                [0.05092, 0.295937, -0.953849, -0.477907, -0.796398, -0.564276, -0.217584, -2.02255, -0.602626, 0.770723, 0.206951, 0.543144, 0.0, 0.0, 0.0, 1.0],
                [0.085397, 0.29132, -0.952806, -0.476429, -0.857049, -0.466208, -0.219357, -2.323913, -0.508109, 0.835334, 0.209863, 0.545477, 0.0, 0.0, 0.0, 1.0]
            ]
        },
        {
            "name": "IK_Shoulder_R",
            "time": [0.0, 0.0667, 0.15, 0.2333, 0.3333, 0.4],
            "transform": [
                [0.634994, -0.21506, 0.741978, 0.19497, 0.712479, 0.534274, -0.454891, 0.45598, -0.298591, 0.817497, 0.492486, 0.947709, 0.0, 0.0, 0.0, 1.0],
                [0.94027, 0.043185, 0.337681, 0.376222, 0.220263, -0.833493, -0.506728, -0.938082, 0.259571, 0.55084, -0.79322, 1.013104, 0.0, 0.0, 0.0, 1.0],
                [0.999392, -0.031021, 0.015943, 0.353577, 0.006294, -0.28919, -0.957251, -1.411489, 0.034306, 0.956769, -0.288819, 1.269947, 0.0, 0.0, 0.0, 1.0],
                [0.611529, 0.360359, -0.704396, 0.273269, -0.724847, 0.612082, -0.316152, -2.010067, 0.31722, 0.703916, 0.635511, 1.303858, 0.0, 0.0, 0.0, 1.0],
                [0.193669, 0.430899, -0.881373, 0.151895, -0.876284, 0.479953, 0.042096, -2.82686, 0.441157, 0.76418, 0.470542, 1.093506, 0.0, 0.0, 0.0, 1.0],
                [0.185029, 0.432303, -0.882541, 0.148603, -0.810524, 0.574955, 0.111706, -3.033643, 0.555712, 0.694651, 0.456775, 1.104304, 0.0, 0.0, 0.0, 1.0]
            ]
        },
        {
            "name": "IK_Shoulder_L",
            "time": [0.0, 0.0667, 0.15, 0.2333, 0.3333, 0.4],
            "transform": [
                [0.634994, -0.21506, 0.741978, 0.083105, 0.712479, 0.534274, -0.454891, -0.253313, -0.298591, 0.817497, 0.492486, 1.399434, 0.0, 0.0, 0.0, 1.0],
                [0.94027, 0.043185, 0.337681, -0.135895, 0.220263, -0.833493, -0.506728, -1.340906, 0.259571, 0.55084, -0.79322, 0.469842, 0.0, 0.0, 0.0, 1.0],
                [0.999392, -0.031021, 0.015943, -0.350339, 0.006294, -0.28919, -0.957251, -1.862488, 0.034306, 0.956769, -0.288819, 1.125841, 0.0, 0.0, 0.0, 1.0],
                [0.611529, 0.360359, -0.704396, -0.482024, -0.724847, 0.612082, -0.316152, -1.6318, 0.31722, 0.703916, 0.635511, 1.382035, 0.0, 0.0, 0.0, 1.0],
                [0.193669, 0.430899, -0.881373, -0.386956, -0.876284, 0.479953, 0.042096, -2.177228, 0.441157, 0.76418, 0.470542, 1.008162, 0.0, 0.0, 0.0, 1.0],
                [0.185029, 0.432303, -0.882541, -0.384621, -0.810524, 0.574955, 0.111706, -2.397249, 0.555712, 0.694651, 0.456775, 1.030119, 0.0, 0.0, 0.0, 1.0]
            ]
        },
        {
            "name": "IK_Leg_R",
            "time": [0.0, 0.0667, 0.15, 0.2333, 0.3333, 0.4],
            "transform": [
                [1.0, 0.0, 0.0, 0.248481, 0.0, 1.0, 0.0, 0.319457, 0.0, 0.0, 1.0, 0.0, 0.0, 0.0, 0.0, 1.0],
                [1.0, 0.0, 0.0, 0.114023, 0.0, 1.0, 0.0, 0.337125, 0.0, 0.0, 1.0, 0.0, 0.0, 0.0, 0.0, 1.0],
                [1.0, 0.0, 0.0, 0.199131, 0.0, 1.0, 0.0, -0.68995, 0.0, 0.0, 1.0, 0.103877, 0.0, 0.0, 0.0, 1.0],
                [1.0, 0.0, 0.0, 0.247142, 0.0, 1.0, 0.0, -2.409282, 0.0, 0.0, 1.0, 0.104293, 0.0, 0.0, 0.0, 1.0],
                [1.0, 0.0, 0.0, 0.214893, 0.0, 1.0, 0.0, -3.121809, 0.0, 0.0, 1.0, 0.0, 0.0, 0.0, 0.0, 1.0],
                [1.0, 0.0, 0.0, 0.214893, 0.0, 1.0, 0.0, -3.421809, 0.0, 0.0, 1.0, 0.0, 0.0, 0.0, 0.0, 1.0]
            ]
        },
        {
            "name": "IK_Leg_L",
            "time": [0.0, 0.0667, 0.15, 0.2333, 0.3333, 0.4],
            "transform": [
                [1.0, 0.0, 0.0, -0.124378, 0.0, 1.0, 0.0, -0.379403, 0.0, 0.0, 1.0, 0.0, 0.0, 0.0, 0.0, 1.0],
                [1.0, 0.0, 0.0, -0.123202, 0.0, 1.0, 0.0, -0.456647, 0.0, 0.0, 1.0, 0.139301, 0.0, 0.0, 0.0, 1.0],
                [1.0, 0.0, 0.0, -0.153048, 0.0, 1.0, 0.0, -0.959284, 0.0, 0.0, 1.0, 0.235479, 0.0, 0.0, 0.0, 1.0],
                [1.0, 0.0, 0.0, -0.158191, 0.0, 1.0, 0.0, -1.738593, 0.0, 0.0, 1.0, 0.269431, 0.0, 0.0, 0.0, 1.0],
                [1.0, 0.0, 0.0, -0.254916, 0.0, 1.0, 0.0, -2.242292, 0.0, 0.0, 1.0, 0.0, 0.0, 0.0, 0.0, 1.0],
                [1.0, 0.0, 0.0, -0.254916, 0.0, 1.0, 0.0, -2.542292, 0.0, 0.0, 1.0, 0.0, 0.0, 0.0, 0.0, 1.0]
            ]
        },
        {
            "name": "IK_Kneel_L",
            "time": [0.0, 0.0667, 0.15, 0.2333, 0.3333, 0.4],
            "transform": [
                [1.0, 0.0, -1e-06, -0.203627, -1e-06, -0.0, -1.0, -0.050328, -0.0, 1.0, 0.0, 0.065201, 0.0, 0.0, 0.0, 1.0],
                [1.0, 0.0, -1e-06, -0.215012, -1e-06, -0.0, -1.0, -0.128006, -0.0, 1.0, 0.0, 0.367238, 0.0, 0.0, 0.0, 1.0],
                [1.0, 0.0, -1e-06, -0.118176, -1e-06, -0.0, -1.0, -0.805039, -0.0, 1.0, 0.0, 0.467728, 0.0, 0.0, 0.0, 1.0],
                [1.0, 0.0, -1e-06, -0.107559, -1e-06, -0.0, -1.0, -1.39838, -0.0, 1.0, 0.0, 0.40843, 0.0, 0.0, 0.0, 1.0],
                [1.0, 0.0, -1e-06, -0.093301, -1e-06, -0.0, -1.0, -2.004635, -0.0, 1.0, 0.0, 0.298621, 0.0, 0.0, 0.0, 1.0],
                [1.0, 0.0, -1e-06, -0.093301, -1e-06, -0.0, -1.0, -2.304635, -0.0, 1.0, 0.0, 0.298621, 0.0, 0.0, 0.0, 1.0]
            ]
        },
        {
            "name": "IK_Head",
            "time": [0.0, 0.0667, 0.15, 0.2333, 0.3333, 0.4],
            "transform": [
                [-1e-06, 2e-06, -1.0, -0.014704, -1.0, 0.0, 1e-06, 0.9, 0.0, 1.0, 2e-06, 1.289313, 0.0, 0.0, 0.0, 1.0],
                [-1e-06, 2e-06, -1.0, -0.014704, -1.0, 0.0, 1e-06, 0.412276, 0.0, 1.0, 2e-06, 1.289313, 0.0, 0.0, 0.0, 1.0],
                [-1e-06, 2e-06, -1.0, -0.014704, -1.0, 0.0, 1e-06, -0.323828, 0.0, 1.0, 2e-06, 1.289313, 0.0, 0.0, 0.0, 1.0],
                [-1e-06, 2e-06, -1.0, -0.014704, -1.0, 0.0, 1e-06, -1.033733, 0.0, 1.0, 2e-06, 1.289313, 0.0, 0.0, 0.0, 1.0],
                [-1e-06, 2e-06, -1.0, -0.014704, -1.0, 0.0, 1e-06, -1.8, 0.0, 1.0, 2e-06, 1.289313, 0.0, 0.0, 0.0, 1.0],
                [-1e-06, 2e-06, -1.0, -0.014704, -1.0, 0.0, 1e-06, -2.1, 0.0, 1.0, 2e-06, 1.289313, 0.0, 0.0, 0.0, 1.0]
            ]
        },
        {
            "name": "IK_UpperRot",
            "time": [0.0, 0.0667, 0.15, 0.2333, 0.3333, 0.4],
            "transform": [
                [-1.0, 0.0, 0.0, 0.057495, 0.0, -1.0, 0.0, 0.253061, 0.0, 0.0, 1.0, 1.999972, 0.0, 0.0, 0.0, 1.0],
                [-1.0, 0.0, 0.0, 0.094741, 0.0, -1.0, 0.0, -2.393956, 0.0, 0.0, 1.0, 1.822951, 0.0, 0.0, 0.0, 1.0],
                [-1.0, 0.0, 0.0, -0.045278, 0.0, -1.0, 0.0, -1.638394, 0.0, 0.0, 1.0, 1.999972, 0.0, 0.0, 0.0, 1.0],
                [-1.0, 0.0, 0.0, -0.170004, 0.0, -1.0, 0.0, -1.741689, 0.0, 0.0, 1.0, 1.999972, 0.0, 0.0, 0.0, 1.0],
                [-1.0, 0.0, 0.0, -0.103392, 0.0, -1.0, 0.0, -2.294589, 0.0, 0.0, 1.0, 1.999972, 0.0, 0.0, 0.0, 1.0],
                [-1.0, 0.0, 0.0, -0.103392, 0.0, -1.0, 0.0, -2.394589, 0.0, 0.0, 1.0, 1.999972, 0.0, 0.0, 0.0, 1.0]
            ]
        },
        {
            "name": "IK_GodNode",
            "time": [0.0, 0.0333, 0.3333, 0.4],
            "transform": [
                [-1.0, 0.0, 0.0, -5e-06, 0.0, -1.0, 0.0, 0.000959, 0.0, 0.0, 1.0, 0.0, 0.0, 0.0, 0.0, 1.0],
                [-1.0, 0.0, 0.0, -5e-06, 0.0, -1.0, 0.0, -0.193107, 0.0, 0.0, 1.0, 0.0, 0.0, 0.0, 0.0, 1.0],
                [-1.0, 0.0, 0.0, -5e-06, 0.0, -1.0, 0.0, -2.699041, 0.0, 0.0, 1.0, 0.0, 0.0, 0.0, 0.0, 1.0],
                [-1.0, 0.0, 0.0, -5e-06, 0.0, -1.0, 0.0, -2.999041, 0.0, 0.0, 1.0, 0.0, 0.0, 0.0, 0.0, 1.0]
            ]
        },
        {
            "name": "IK_Elbow_L",
            "time": [0.0, 0.0667, 0.15, 0.2333, 0.3333, 0.4],
            "transform": [
                [1.0, 0.0, 0.0, 0.013127, 0.0, 0.0, -1.0, -0.608949, 0.0, 1.0, 0.0, 0.971612, 0.0, 0.0, 0.0, 1.0],
                [1.0, 0.0, 0.0, -0.420647, 0.0, 0.0, -1.0, -1.129771, 0.0, 1.0, 0.0, 0.284785, 0.0, 0.0, 0.0, 1.0],
                [1.0, 0.0, 0.0, -0.451198, 0.0, 0.0, -1.0, -1.708925, 0.0, 1.0, 0.0, 0.885791, 0.0, 0.0, 0.0, 1.0],
                [1.0, 0.0, 0.0, -0.734283, 0.0, 0.0, -1.0, -1.842852, 0.0, 1.0, 0.0, 0.907017, 0.0, 0.0, 0.0, 1.0],
                [1.0, 0.0, 0.0, -0.862908, 0.0, 0.0, -1.0, -2.20723, 0.0, 1.0, 0.0, 0.756391, 0.0, 0.0, 0.0, 1.0],
                [1.0, 0.0, 0.0, -0.862908, 0.0, 0.0, -1.0, -2.50723, 0.0, 1.0, 0.0, 0.756391, 0.0, 0.0, 0.0, 1.0]
            ]
        },
        {
            "name": "IK_Elbow_R",
            "time": [0.0, 0.0667, 0.15, 0.2333, 0.3333, 0.4],
            "transform": [
                [1.0, 0.0, 0.0, 0.535374, 0.0, 0.0, -1.0, 0.198784, 0.0, 1.0, 0.0, 0.898191, 0.0, 0.0, 0.0, 1.0],
                [1.0, 0.0, 0.0, 0.456348, 0.0, 0.0, -1.0, -0.923616, 0.0, 1.0, 0.0, 0.841549, 0.0, 0.0, 0.0, 1.0],
                [1.0, 0.0, 0.0, 0.506721, 0.0, 0.0, -1.0, -1.604887, 0.0, 1.0, 0.0, 0.979118, 0.0, 0.0, 0.0, 1.0],
                [1.0, 0.0, 0.0, 0.43933, 0.0, 0.0, -1.0, -2.302855, 0.0, 1.0, 0.0, 1.094827, 0.0, 0.0, 0.0, 1.0],
                [1.0, 0.0, 0.0, -0.007525, 0.0, 0.0, -1.0, -3.129923, 0.0, 1.0, 0.0, 1.120166, 0.0, 0.0, 0.0, 1.0],
                [1.0, 0.0, 0.0, -0.007525, 0.0, 0.0, -1.0, -3.429923, 0.0, 1.0, 0.0, 1.120166, 0.0, 0.0, 0.0, 1.0]
            ]
        },
        {
            "name": "IK_Hand_L",
            "time": [0.0, 0.0667, 0.15, 0.2333, 0.3333, 0.4],
            "transform": [
                [1.0, -0.0, 0.0, -0.507573, 0.0, 0.0, -1.0, -0.316027, 0.0, 1.0, 0.0, 0.802561, 0.0, 0.0, 0.0, 1.0],
                [1.0, -0.0, 0.0, -0.511977, 0.0, 0.0, -1.0, -0.688121, 0.0, 1.0, 0.0, 0.531476, 0.0, 0.0, 0.0, 1.0],
                [1.0, -0.0, 0.0, -0.569378, 0.0, 0.0, -1.0, -0.980222, 0.0, 1.0, 0.0, 0.696409, 0.0, 0.0, 0.0, 1.0],
                [1.0, -0.0, 0.0, -0.419347, 0.0, 0.0, -1.0, -1.507351, 0.0, 1.0, 0.0, 0.68198, 0.0, 0.0, 0.0, 1.0],
                [1.0, -0.0, 0.0, -0.336525, 0.0, 0.0, -1.0, -1.974063, 0.0, 1.0, 0.0, 0.524181, 0.0, 0.0, 0.0, 1.0],
                [1.0, -0.0, 0.0, -0.336525, 0.0, 0.0, -1.0, -2.274063, 0.0, 1.0, 0.0, 0.524181, 0.0, 0.0, 0.0, 1.0]
            ]
        },
        {
            "name": "IK_Hand_R",
            "time": [0.0, 0.0667, 0.15, 0.2333, 0.3333, 0.4],
            "transform": [
                [1.0, 0.0, 0.0, 0.497862, 0.0, -1e-06, -1.0, 0.434369, 0.0, 1.0, -1e-06, 0.562972, 0.0, 0.0, 0.0, 1.0],
                [1.0, 0.0, 0.0, 0.497862, 0.0, -1e-06, -1.0, -0.053355, 0.0, 1.0, -1e-06, 0.562972, 0.0, 0.0, 0.0, 1.0],
                [1.0, 0.0, 0.0, 0.497439, 0.0, -1e-06, -1.0, -1.035223, 0.0, 1.0, -1e-06, 0.851201, 0.0, 0.0, 0.0, 1.0],
                [1.0, 0.0, 0.0, 0.616098, 0.0, -1e-06, -1.0, -1.995311, 0.0, 1.0, -1e-06, 0.824805, 0.0, 0.0, 0.0, 1.0],
                [1.0, 0.0, 0.0, 0.456931, 0.0, -1e-06, -1.0, -3.371372, 0.0, 1.0, -1e-06, 0.849744, 0.0, 0.0, 0.0, 1.0],
                [1.0, 0.0, 0.0, 0.456931, 0.0, -1e-06, -1.0, -3.671372, 0.0, 1.0, -1e-06, 0.849744, 0.0, 0.0, 0.0, 1.0]
            ]
        },
        {
            "name": "IK_Kneel_R",
            "time": [0.0, 0.0667, 0.15, 0.2333, 0.3333, 0.4],
            "transform": [
                [1.0, -0.0, 1e-06, 0.147767, 1e-06, -0.0, -1.0, 0.738566, 0.0, 1.0, 0.0, 0.400582, 0.0, 0.0, 0.0, 1.0],
                [1.0, -0.0, 1e-06, 0.0617, 1e-06, -0.0, -1.0, -0.054753, 0.0, 1.0, 0.0, 0.537057, 0.0, 0.0, 0.0, 1.0],
                [1.0, -0.0, 1e-06, 0.228731, 1e-06, -0.0, -1.0, -0.865002, 0.0, 1.0, 0.0, 0.396603, 0.0, 0.0, 0.0, 1.0],
                [1.0, -0.0, 1e-06, 0.164503, 1e-06, -0.0, -1.0, -1.668864, 0.0, 1.0, 0.0, 0.55745, 0.0, 0.0, 0.0, 1.0],
                [1.0, -0.0, 1e-06, 0.45638, 1e-06, -0.0, -1.0, -2.514438, 0.0, 1.0, 0.0, 0.226655, 0.0, 0.0, 0.0, 1.0],
                [1.0, -0.0, 1e-06, 0.45638, 1e-06, -0.0, -1.0, -2.814438, 0.0, 1.0, 0.0, 0.226655, 0.0, 0.0, 0.0, 1.0]
            ]
        },
        {
            "name": "IK_Tool_R",
            "time": [0.0, 0.0667, 0.15, 0.2333, 0.3333, 0.4],
            "transform": [
                [-2e-06, -2e-06, 1.0, -0.836115, 1.0, 1e-06, 2e-06, 1.749913, -1e-06, 1.0, 2e-06, 0.500002, 0.0, 0.0, 0.0, 1.0],
                [-2e-06, -2e-06, 1.0, -0.264013, 1.0, 1e-06, 2e-06, 1.607341, -1e-06, 1.0, 2e-06, 0.500002, 0.0, 0.0, 0.0, 1.0],
                [-2e-06, -2e-06, 1.0, 0.193517, 1.0, 1e-06, 2e-06, 0.871238, -1e-06, 1.0, 2e-06, 0.500003, 0.0, 0.0, 0.0, 1.0],
                [-2e-06, -2e-06, 1.0, 1.519451, 1.0, 1e-06, 2e-06, -0.580981, -1e-06, 1.0, 2e-06, 0.237483, 0.0, 0.0, 0.0, 1.0],
                [-2e-06, -2e-06, 1.0, 3.1516, 1.0, 1e-06, 2e-06, -2.335379, -1e-06, 1.0, 2e-06, -0.037942, 0.0, 0.0, 0.0, 1.0],
                [-2e-06, -2e-06, 1.0, 3.1516, 1.0, 1e-06, 2e-06, -2.635379, -1e-06, 1.0, 2e-06, -0.037942, 0.0, 0.0, 0.0, 1.0]
            ]
        },
        {
            "name": "IK_Tool_L",
            "time": [0.0, 0.0667, 0.15, 0.2333, 0.3333, 0.4],
            "transform": [
                [-2e-06, 2e-06, -1.0, -1.177923, -1.0, 0.0, 2e-06, 0.659398, 0.0, 1.0, 2e-06, 1.22699, 0.0, 0.0, 0.0, 1.0],
                [-2e-06, 2e-06, -1.0, -0.591104, -1.0, 0.0, 2e-06, -0.153995, 0.0, 1.0, 2e-06, 1.512701, 0.0, 0.0, 0.0, 1.0],
                [-2e-06, 2e-06, -1.0, -0.338218, -1.0, 0.0, 2e-06, 0.031246, 0.0, 1.0, 2e-06, 1.698282, 0.0, 0.0, 0.0, 1.0],
                [-2e-06, 2e-06, -1.0, 0.015093, -1.0, 0.0, 2e-06, -1.015007, 0.0, 1.0, 2e-06, 0.898534, 0.0, 0.0, 0.0, 1.0],
                [-2e-06, 2e-06, -1.0, 0.328988, -1.0, 0.0, 2e-06, -1.838488, 0.0, 1.0, 2e-06, 0.368077, 0.0, 0.0, 0.0, 1.0],
                [-2e-06, 2e-06, -1.0, 0.328988, -1.0, 0.0, 2e-06, -2.138488, 0.0, 1.0, 2e-06, 0.368077, 0.0, 0.0, 0.0, 1.0]
            ]
        }
    ]
}