{
    "animation": [
        {
            "name": "Root",
            "time": [0.0, 0.1, 0.2, 0.3, 0.4],
            "transform": [
                [0.970215, -0.0, -0.242246, -5e-06, -0.242246, 0.0, -0.970215, -0.004957, 0.0, 1.0, -0.0, 0.452072, 0.0, 0.0, 0.0, 1.0],
                [0.801061, 0.571054, 0.17944, 0.641826, 0.339839, -0.187101, -0.921685, 0.016961, -0.492758, 0.799306, -0.343946, 0.556797, 0.0, 0.0, 0.0, 1.0],
                [0.683959, 0.360375, 0.634294, 1.5444, 0.657893, 0.071019, -0.749755, 0.014245, -0.31524, 0.9301, -0.188514, 0.629089, 0.0, 0.0, 0.0, 1.0],
                [0.811245, 0.087156, 0.578174, 2.534217, 0.580383, 0.0, -0.814344, -0.000281, -0.070975, 0.996195, -0.050584, 0.550125, 0.0, 0.0, 0.0, 1.0],
                [0.70119, -0.0, 0.712975, 2.999995, 0.712975, 0.0, -0.70119, -0.000281, 0.0, 1.0, 0.0, 0.490125, 0.0, 0.0, 0.0, 1.0]
            ]
        },
        {
            "name": "Thigh_R",
            "time": [0.0, 0.1, 0.2, 0.3, 0.4],
            "transform": [
                [0.980117, 0.197231, 0.021716, 0.124994, 0.011906, -0.167704, 0.985766, -0.002831, 0.198066, -0.965906, -0.166718, -1.2e-05, 0.0, 0.0, 0.0, 1.0],
                [0.984542, -0.051817, 0.167305, 0.124994, -0.133584, -0.839954, 0.525958, -0.002831, 0.113276, -0.540177, -0.833892, -1.2e-05, 0.0, 0.0, 0.0, 1.0],
                [0.925416, 0.019729, -0.378438, 0.124994, 0.342596, -0.470377, 0.813249, -0.002831, -0.161964, -0.882245, -0.442054, -1.2e-05, 0.0, 0.0, 0.0, 1.0],
                [0.976018, 0.173592, -0.131356, 0.124994, 0.212723, -0.888711, 0.406132, -0.002831, -0.046236, -0.424335, -0.904325, -1.2e-05, 0.0, 0.0, 0.0, 1.0],
                [0.984687, 0.173542, 0.016585, 0.124994, 0.167684, -0.96886, 0.182191, -0.00283, 0.047687, -0.17662, -0.983124, -1.1e-05, 0.0, 0.0, 0.0, 1.0]
            ]
        },
        {
            "name": "Leg_R",
            "time": [0.0, 0.1, 0.2, 0.3, 0.4],
            "transform": [
                [1.0, 3.5e-05, 3.1e-05, -0.0, -3.8e-05, 0.191989, 0.981397, 0.374854, 2.9e-05, -0.981397, 0.191989, 0.0, 0.0, 0.0, 0.0, 1.0],
                [1.0, 3e-05, 1.9e-05, -0.0, -3.2e-05, 0.532995, 0.846119, 0.374854, 1.5e-05, -0.846119, 0.532995, 0.0, 0.0, 0.0, 0.0, 1.0],
                [1.0, 3.3e-05, 5.2e-05, -0.0, -3.5e-05, -0.379307, 0.925271, 0.374854, 5e-05, -0.925271, -0.379307, 0.0, 0.0, 0.0, 0.0, 1.0],
                [1.0, 3.6e-05, 3.5e-05, 0.0, -3.8e-05, 0.098086, 0.995178, 0.374854, 3.2e-05, -0.995178, 0.098086, -0.0, 0.0, 0.0, 0.0, 1.0],
                [1.0, 3.5e-05, 3.3e-05, 0.0, -3.8e-05, 0.145443, 0.989367, 0.374854, 3e-05, -0.989367, 0.145443, 0.0, 0.0, 0.0, 0.0, 1.0]
            ]
        },
        {
            "name": "Knee_R",
            "time": [0.0, 0.1, 0.2, 0.3, 0.4],
            "transform": [
                [1.0, 2.6e-05, 8e-06, -0.0, -1.1e-05, 0.635927, -0.77175, 0.374854, -2.5e-05, 0.77175, 0.635927, 0.0, 0.0, 0.0, 0.0, 1.0],
                [1.0, 2e-05, 3e-06, -0.0, -7e-06, 0.483575, -0.875303, 0.374854, -1.9e-05, 0.875303, 0.483575, 0.0, 0.0, 0.0, 0.0, 1.0],
                [1.0, 3.4e-05, 1.6e-05, 0.0, -1.9e-05, 0.830679, -0.556752, 0.374854, -3.3e-05, 0.556752, 0.830679, -0.0, 0.0, 0.0, 0.0, 1.0],
                [1.0, 2.8e-05, 9e-06, -0.0, -1.2e-05, 0.671833, -0.740703, 0.374854, -2.7e-05, 0.740703, 0.671833, -0.0, 0.0, 0.0, 0.0, 1.0],
                [1.0, 2.7e-05, 8e-06, 0.0, -1.2e-05, 0.653972, -0.756519, 0.374854, -2.6e-05, 0.756519, 0.653972, -0.0, 0.0, 0.0, 0.0, 1.0]
            ]
        },
        {
            "name": "Thigh_L",
            "time": [0.0, 0.1, 0.2, 0.3, 0.4],
            "transform": [
                [0.997743, -0.047674, 0.047277, -0.125006, -0.060517, -0.943535, 0.325698, -0.002831, 0.02908, -0.327824, -0.944291, -1.2e-05, 0.0, 0.0, 0.0, 1.0],
                [0.993752, -0.093294, -0.061258, -0.125006, -0.095772, -0.994644, -0.038847, -0.002831, -0.057306, 0.044471, -0.997365, -1.2e-05, 0.0, 0.0, 0.0, 1.0],
                [0.98477, -0.104244, -0.139146, -0.125006, -0.004656, -0.815846, 0.578251, -0.002831, -0.173801, -0.568796, -0.803906, -1.2e-05, 0.0, 0.0, 0.0, 1.0],
                [0.931546, -0.283824, -0.227302, -0.125006, 0.169667, -0.213612, 0.962073, -0.002831, -0.321613, -0.93478, -0.150834, -1.2e-05, 0.0, 0.0, 0.0, 1.0],
                [0.975467, -0.152227, 0.159031, -0.125006, -0.20033, -0.314278, 0.927953, -0.00283, -0.09128, -0.937047, -0.337063, -1.2e-05, 0.0, 0.0, 0.0, 1.0]
            ]
        },
        {
            "name": "Leg_L",
            "time": [0.0, 0.1, 0.2, 0.3, 0.4],
            "transform": [
                [1.0, 1.1e-05, 1.3e-05, 0.0, -1.2e-05, -0.081936, 0.996637, 0.374854, 1.2e-05, -0.996638, -0.081935, -0.0, 0.0, 0.0, 0.0, 1.0],
                [1.0, 0.0, 1e-06, 0.0, 0.0, 0.998619, 0.05253, 0.374854, -1e-06, -0.05253, 0.998619, 0.0, 0.0, 0.0, 0.0, 1.0],
                [1.0, 1.1e-05, 1e-05, 0.0, -1.2e-05, 0.175492, 0.98448, 0.374854, 9e-06, -0.984481, 0.175492, -0.0, 0.0, 0.0, 0.0, 1.0],
                [1.0, 1.1e-05, 1.3e-05, 0.0, -1.2e-05, -0.085768, 0.996315, 0.374854, 1.2e-05, -0.996315, -0.085768, -0.0, 0.0, 0.0, 0.0, 1.0],
                [1.0, 9e-06, 6e-06, 0.0, -1e-05, 0.520626, 0.853784, 0.374853, 5e-06, -0.853785, 0.520626, -0.0, 0.0, 0.0, 0.0, 1.0]
            ]
        },
        {
            "name": "Knee_L",
            "time": [0.0, 0.1, 0.2, 0.3, 0.4],
            "transform": [
                [1.0, 9e-06, 3e-06, 0.0, -5e-06, 0.735779, -0.677222, 0.374854, -9e-06, 0.677222, 0.735779, -0.0, 0.0, 0.0, 0.0, 1.0],
                [1.0, 0.0, -1e-06, 0.0, -1e-06, 0.026678, -0.999644, 0.374854, -0.0, 0.999644, 0.026678, 0.0, 0.0, 0.0, 0.0, 1.0],
                [1.0, 8e-06, 2e-06, 0.0, -4e-06, 0.64238, -0.766386, 0.374854, -8e-06, 0.766386, 0.64238, 0.0, 0.0, 0.0, 0.0, 1.0],
                [1.0, 9e-06, 3e-06, -0.0, -5e-06, 0.73708, -0.675806, 0.374854, -9e-06, 0.675805, 0.73708, 0.0, 0.0, 0.0, 0.0, 1.0],
                [1.0, 6e-06, 1e-06, 0.0, -2e-06, 0.489931, -0.871761, 0.374853, -6e-06, 0.871762, 0.489931, 0.0, 0.0, 0.0, 0.0, 1.0]
            ]
        },
        {
            "name": "Torso",
            "time": [0.0, 0.1, 0.2, 0.3, 0.4],
            "transform": [
                [0.996749, 0.080447, -0.004587, -0.0, -0.080181, 0.995874, 0.042503, 0.05, 0.007987, -0.041997, 0.999086, -0.0, 0.0, 0.0, 0.0, 1.0],
                [0.99965, 0.025274, 0.007754, -0.0, -0.026154, 0.988257, 0.150545, 0.05, -0.003858, -0.150695, 0.988572, 0.0, 0.0, 0.0, 0.0, 1.0],
                [0.981535, -0.064162, -0.180202, -0.0, 0.067352, 0.997662, 0.011632, 0.05, 0.179034, -0.023555, 0.983561, -0.0, 0.0, 0.0, 0.0, 1.0],
                [0.997445, 0.05348, -0.047357, -0.0, -0.050071, 0.996257, 0.070463, 0.05, 0.050948, -0.067912, 0.99639, -0.0, 0.0, 0.0, 0.0, 1.0],
                [0.997988, 0.039934, -0.049233, -0.0, -0.034718, 0.994116, 0.102609, 0.05, 0.053041, -0.100693, 0.993503, 0.0, 0.0, 0.0, 0.0, 1.0]
            ]
        },
        {
            "name": "Chest",
            "time": [0.0, 0.1, 0.2, 0.3, 0.4],
            "transform": [
                [0.993299, 0.097967, 0.061319, -0.0, -0.115203, 0.796754, 0.593222, 0.35, 0.00926, -0.596311, 0.802701, -0.0, 0.0, 0.0, 0.0, 1.0],
                [0.993184, -0.114733, 0.020568, -0.0, 0.101886, 0.940227, 0.324951, 0.35, -0.056621, -0.320641, 0.945507, -0.0, 0.0, 0.0, 0.0, 1.0],
                [0.989134, -0.133184, 0.062265, -0.0, 0.093956, 0.89838, 0.429053, 0.35, -0.11308, -0.418541, 0.90113, 0.0, 0.0, 0.0, 0.0, 1.0],
                [0.924136, -0.375568, 0.070153, -0.0, 0.226809, 0.687038, 0.690316, 0.35, -0.307459, -0.622034, 0.720099, -0.0, 0.0, 0.0, 0.0, 1.0],
                [0.944049, -0.289438, 0.158104, 0.0, 0.185533, 0.862415, 0.470977, 0.35, -0.272669, -0.415292, 0.867862, -0.0, 0.0, 0.0, 0.0, 1.0]
            ]
        },
        {
            "name": "Head",
            "time": [0.0, 0.1, 0.2, 0.3, 0.4],
            "transform": [
                [0.979517, -0.126274, 0.156849, 0.0, 0.182372, 0.886544, -0.425183, 0.326028, -0.085364, 0.445079, 0.891413, 0.0, 0.0, 0.0, 0.0, 1.0],
                [0.954822, -0.146585, -0.258512, -0.0, 0.157461, 0.987285, 0.021763, 0.326028, 0.252035, -0.061486, 0.965763, 0.0, 0.0, 0.0, 0.0, 1.0],
                [0.869578, -0.134303, -0.475181, -0.0, 0.050496, 0.981444, -0.184982, 0.326028, 0.491208, 0.136862, 0.860223, 0.0, 0.0, 0.0, 0.0, 1.0],
                [0.851424, 0.087031, -0.517206, 0.0, -0.349883, 0.828885, -0.436499, 0.326028, 0.390715, 0.552607, 0.736184, -0.0, 0.0, 0.0, 0.0, 1.0],
                [0.848188, 0.046898, -0.527615, -0.0, -0.226387, 0.932611, -0.281042, 0.326028, 0.478879, 0.357822, 0.801647, 0.0, 0.0, 0.0, 0.0, 1.0]
            ]
        },
        {
            "name": "Shoulder_R",
            "time": [0.0, 0.1, 0.2, 0.3, 0.4],
            "transform": [
                [0.000759, 0.979842, 0.199771, 5e-06, -0.008657, -0.199757, 0.979807, 0.326028, 0.999962, -0.002473, 0.008331, 0.000947, 0.0, 0.0, 0.0, 1.0],
                [-0.005681, 0.979842, 0.199691, 5e-06, -0.040237, -0.199756, 0.979019, 0.326028, 0.999174, -0.002473, 0.040561, 0.000947, 0.0, 0.0, 0.0, 1.0],
                [-0.011312, 0.979842, 0.199451, 5e-06, -0.067837, -0.199756, 0.977495, 0.326028, 0.997632, -0.002473, 0.068729, 0.000947, 0.0, 0.0, 0.0, 1.0],
                [0.006868, 0.979842, 0.199653, 5e-06, 0.021314, -0.199756, 0.979614, 0.326028, 0.999749, -0.002473, -0.022256, 0.000947, 0.0, 0.0, 0.0, 1.0],
                [0.006866, 0.979843, 0.199653, 5e-06, 0.021303, -0.199755, 0.979614, 0.326028, 0.999749, -0.002473, -0.022245, 0.000947, 0.0, 0.0, 0.0, 1.0]
            ]
        },
        {
            "name": "Arm_R",
            "time": [0.0, 0.1, 0.2, 0.3, 0.4],
            "transform": [
                [0.136985, -0.392645, -0.90943, -0.0, 0.628627, 0.743984, -0.226526, 0.38271, 0.765547, -0.540663, 0.348742, -0.0, 0.0, 0.0, 0.0, 1.0],
                [-0.193153, 0.060237, -0.979317, -0.0, 0.637896, 0.766091, -0.078691, 0.38271, 0.745507, -0.639902, -0.186397, -0.0, 0.0, 0.0, 0.0, 1.0],
                [-0.406693, 0.110884, -0.90681, -0.0, 0.6799, 0.699725, -0.219364, 0.38271, 0.610193, -0.705754, -0.359963, 0.0, 0.0, 0.0, 0.0, 1.0],
                [0.073842, -0.068284, -0.994929, -0.0, 0.909605, 0.413627, 0.039121, 0.382709, 0.408859, -0.907882, 0.092655, -0.0, 0.0, 0.0, 0.0, 1.0],
                [0.313681, 0.156918, -0.936472, 0.0, 0.878557, 0.326162, 0.348935, 0.38271, 0.360196, -0.932199, -0.03555, 0.0, 0.0, 0.0, 0.0, 1.0]
            ]
        },
        {
            "name": "Hand_R",
            "time": [0.0, 0.1, 0.2, 0.3, 0.4],
            "transform": [
                [1.0, 2e-06, -0.0, 0.0, -2e-06, 0.930513, -0.366258, 0.329931, -1e-06, 0.366258, 0.930513, -0.0, 0.0, 0.0, 0.0, 1.0],
                [1.0, 5e-06, -3e-06, 0.0, -5e-06, 0.456823, -0.889558, 0.329931, -3e-06, 0.889558, 0.456823, 0.0, 0.0, 0.0, 0.0, 1.0],
                [1.0, 5e-06, -3e-06, 0.0, -5e-06, 0.391304, -0.920262, 0.329931, -4e-06, 0.920262, 0.391304, 0.0, 0.0, 0.0, 0.0, 1.0],
                [1.0, 5e-06, -2e-06, 0.0, -5e-06, 0.532511, -0.846424, 0.329931, -3e-06, 0.846423, 0.532511, -0.0, 0.0, 0.0, 0.0, 1.0],
                [1.0, 5e-06, -2e-06, -0.0, -4e-06, 0.644294, -0.764778, 0.329931, -2e-06, 0.764778, 0.644294, 0.0, 0.0, 0.0, 0.0, 1.0]
            ]
        },
        {
            "name": "Tool_R",
            "time": [0.0, 0.1, 0.2, 0.3, 0.4],
            "transform": [
                [0.976001, 0.011414, -0.217466, -0.02, -0.018865, -0.99044, -0.136653, 0.291597, -0.216947, 0.137476, -0.966456, 0.0, 0.0, 0.0, 0.0, 1.0],
                [0.983256, 0.081411, -0.163035, -0.02, -0.086955, -0.576635, -0.812363, 0.291597, -0.160147, 0.812936, -0.5599, -0.0, 0.0, 0.0, 0.0, 1.0],
                [0.909283, 0.163223, -0.382837, -0.02, -0.176256, -0.682286, -0.709521, 0.291597, -0.377014, 0.712632, -0.591622, 0.0, 0.0, 0.0, 0.0, 1.0],
                [0.996417, 0.021994, -0.081667, -0.02, -0.024781, -0.847294, -0.530548, 0.291597, -0.080864, 0.53067, -0.843713, -0.0, 0.0, 0.0, 0.0, 1.0],
                [0.987249, -0.040076, 0.154055, -0.02, 0.045336, -0.856923, -0.513449, 0.291597, 0.15259, 0.513886, -0.844179, -0.0, 0.0, 0.0, 0.0, 1.0]
            ]
        },
        {
            "name": "Elbow_R",
            "time": [0.0, 0.1, 0.2, 0.3, 0.4],
            "transform": [
                [-1.000001, 0.0, -0.0, -0.0, 0.0, 0.184437, -0.982845, 0.329931, 0.0, -0.982846, -0.184437, -0.0, 0.0, 0.0, 0.0, 1.0],
                [-1.0, -0.0, -0.0, 0.0, 0.0, 0.51944, -0.854508, 0.329931, 0.0, -0.854508, -0.51944, 0.0, 0.0, 0.0, 0.0, 1.0],
                [-1.0, 0.0, -0.0, 0.0, 0.0, 0.550014, -0.835156, 0.329931, 0.0, -0.835156, -0.550014, 0.0, 0.0, 0.0, 0.0, 1.0],
                [-1.000001, -0.0, -0.0, 0.0, 0.0, 0.481726, -0.876323, 0.329931, 0.0, -0.876323, -0.481726, -0.0, 0.0, 0.0, 0.0, 1.0],
                [-1.0, 0.0, -0.0, 0.0, 0.0, 0.419918, -0.907562, 0.329931, 0.0, -0.907562, -0.419918, 0.0, 0.0, 0.0, 0.0, 1.0]
            ]
        },
        {
            "name": "Shoulder_L",
            "time": [0.0, 0.1, 0.2, 0.3, 0.4],
            "transform": [
                [-0.001665, -0.979846, -0.199746, 0.0, 0.008164, -0.199753, 0.979812, 0.326028, -0.999965, 0.0, 0.008332, 0.0, 0.0, 0.0, 0.0, 1.0],
                [-0.008103, -0.979847, -0.199588, 0.0, 0.039745, -0.199752, 0.97904, 0.326028, -0.999177, 0.0, 0.040563, 0.0, 0.0, 0.0, 0.0, 1.0],
                [-0.001823, -0.979847, -0.199744, 0.0, 0.00894, -0.199752, 0.979806, 0.326028, -0.999959, 0.0, 0.009124, 0.0, 0.0, 0.0, 0.0, 1.0],
                [-0.024979, -0.979846, -0.198185, -0.0, 0.122524, -0.199753, 0.972156, 0.326028, -0.992151, 0.0, 0.125044, -0.0, 0.0, 0.0, 0.0, 1.0],
                [-0.024978, -0.979847, -0.198184, -0.0, 0.122524, -0.199752, 0.972156, 0.326028, -0.992151, 0.0, 0.125044, 0.0, 0.0, 0.0, 0.0, 1.0]
            ]
        },
        {
            "name": "Arm_L",
            "time": [0.0, 0.1, 0.2, 0.3, 0.4],
            "transform": [
                [0.011798, 0.312067, 0.949987, -0.0, -0.893173, 0.430423, -0.1303, 0.382712, -0.449559, -0.846965, 0.283807, -0.0, 0.0, 0.0, 0.0, 1.0],
                [-0.532953, 0.383311, 0.754343, -0.0, -0.627235, 0.419398, -0.656263, 0.382712, -0.567923, -0.822908, 0.016907, 0.0, 0.0, 0.0, 0.0, 1.0],
                [-0.177914, 0.544917, 0.819397, 0.0, -0.759079, 0.453893, -0.466666, 0.382712, -0.626215, -0.705014, 0.332881, -0.0, 0.0, 0.0, 0.0, 1.0],
                [0.074894, 0.678033, 0.731205, 0.0, -0.70924, 0.551668, -0.438908, 0.382713, -0.700977, -0.485729, 0.522206, -0.0, 0.0, 0.0, 0.0, 1.0],
                [-0.182009, -0.211485, 0.960284, -0.0, -0.772061, 0.635516, -0.006374, 0.382712, -0.608929, -0.742558, -0.278949, -0.0, 0.0, 0.0, 0.0, 1.0]
            ]
        },
        {
            "name": "Hand_L",
            "time": [0.0, 0.1, 0.2, 0.3, 0.4],
            "transform": [
                [1.0, 6e-06, -3e-06, -0.0, -5e-06, 0.468415, -0.883509, 0.329931, -4e-06, 0.883509, 0.468415, -0.0, 0.0, 0.0, 0.0, 1.0],
                [1.0, 0.0, 0.0, 0.0, 0.0, 0.997914, -0.064569, 0.329931, -0.0, 0.064569, 0.997914, 0.0, 0.0, 0.0, 0.0, 1.0],
                [1.0, 3e-06, -1e-06, 0.0, -3e-06, 0.838034, -0.545618, 0.329931, -1e-06, 0.545618, 0.838035, -0.0, 0.0, 0.0, 0.0, 1.0],
                [1.0, 6e-06, -5e-06, 1e-06, -6e-06, 0.164566, -0.986367, 0.329931, -5e-06, 0.986366, 0.164566, -0.0, 0.0, 0.0, 0.0, 1.0],
                [1.0, 6e-06, -5e-06, 0.0, -6e-06, 0.072488, -0.997369, 0.329931, -6e-06, 0.997369, 0.072488, -0.0, 0.0, 0.0, 0.0, 1.0]
            ]
        },
        {
            "name": "Tool_L",
            "time": [0.0, 0.1, 0.2, 0.3, 0.4],
            "transform": [
                [0.22124, 0.028883, 0.974792, 0.02, 0.004563, -0.999581, 0.028582, 0.291597, 0.975209, -0.001876, -0.221279, 0.0, 0.0, 0.0, 0.0, 1.0],
                [0.485506, -0.136882, 0.863452, 0.02, 0.166412, -0.955138, -0.244988, 0.291597, 0.858249, 0.262632, -0.440946, -0.0, 0.0, 0.0, 0.0, 1.0],
                [0.847142, -0.123569, 0.516801, 0.02, 0.141219, -0.885252, -0.443155, 0.291597, 0.512259, 0.448396, -0.732482, 0.0, 0.0, 0.0, 0.0, 1.0],
                [0.969059, -0.11945, 0.216, 0.02, 0.126787, -0.509939, -0.850817, 0.291597, 0.211777, 0.851877, -0.479015, -0.0, 0.0, 0.0, 0.0, 1.0],
                [0.997656, -0.009398, 0.067792, 0.02, 0.011717, -0.952451, -0.304468, 0.291597, 0.06743, 0.304549, -0.950107, -0.0, 0.0, 0.0, 0.0, 1.0]
            ]
        },
        {
            "name": "Elbow_L",
            "time": [0.0, 0.1, 0.2, 0.3, 0.4],
            "transform": [
                [-1.0, -0.0, -0.0, 0.0, 0.0, 0.513841, -0.857885, 0.329931, 0.0, -0.857885, -0.513841, -0.0, 0.0, 0.0, 0.0, 1.0],
                [-1.0, -0.0, -0.0, 0.0, 0.0, 0.030309, -0.99954, 0.329931, 0.0, -0.99954, -0.030309, 0.0, 0.0, 0.0, 0.0, 1.0],
                [-1.0, -0.0, -0.0, -0.0, 1e-06, 0.282663, -0.959219, 0.329931, 0.0, -0.959219, -0.282663, 0.0, 0.0, 0.0, 0.0, 1.0],
                [-1.0, 0.0, -0.0, 0.0, 0.0, 0.644787, -0.764362, 0.329931, 0.0, -0.764361, -0.644788, -0.0, 0.0, 0.0, 0.0, 1.0],
                [-1.0, -0.0, -0.0, 0.0, 0.0, 0.679535, -0.733643, 0.329931, 0.0, -0.733643, -0.679536, 0.0, 0.0, 0.0, 0.0, 1.0]
            ]
        }
    ]
}