{
    "vertices": {
        "positions": {
            "stride": 3,
            "count": 122,
            "array": [0.25, 0.25, 1.500045, 0.25, -0.25, 1.500045, -0.25, -0.25, 1.500045, -0.25, 0.25, 1.500045, 0.25, 0.25, 2.000045, 0.25, -0.25, 2.000045, -0.25, -0.25, 2.000045, -0.25, 0.25, 2.000045, -0.062639, 0.0625, 4.4e-05, -0.062639, -0.0625, 4.4e-05, -0.187639, -0.0625, 4.4e-05, -0.187639, 0.0625, 4.4e-05, -0.062639, 0.0625, 0.750044, -0.062639, -0.0625, 0.750044, -0.187639, -0.0625, 0.750044, -0.187639, 0.0625, 0.750044, 0.374882, 0.0625, 0.750044, 0.374882, -0.0625, 0.750044, 0.249882, -0.0625, 0.750044, 0.249882, 0.0625, 0.750044, 0.374882, 0.0625, 1.500044, 0.374881, -0.0625, 1.500044, 0.249882, -0.0625, 1.500044, 0.249882, 0.0625, 1.500044, 0.25, 0.125, 0.750045, 0.25, -0.125, 0.750045, -0.25, -0.125, 0.750045, -0.25, 0.125, 0.750045, 0.25, 0.125, 1.500045, 0.25, -0.125, 1.500045, -0.25, -0.125, 1.500045, -0.25, 0.125, 1.500045, -0.062639, 0.0625, 0.375044, -0.062639, -0.0625, 0.375044, -0.187639, -0.0625, 0.375044, -0.187639, 0.0625, 0.375044, -0.062639, 0.0625, 0.375044, -0.187639, 0.0625, 0.375044, -0.187639, -0.0625, 0.375044, -0.062639, -0.0625, 0.375044, 0.188368, -0.0625, 0.375044, 0.063368, -0.0625, 0.375044, 0.063368, 0.0625, 0.375044, 0.188368, 0.0625, 0.375044, 0.063368, 0.0625, 0.375044, 0.063368, -0.0625, 0.375044, 0.188368, -0.0625, 0.375044, 0.188368, 0.0625, 0.375044, 0.063368, 0.0625, 0.750044, 0.063368, -0.0625, 0.750044, 0.188367, -0.0625, 0.750044, 0.188368, 0.0625, 0.750044, 0.063368, 0.0625, 4.4e-05, 0.063368, -0.0625, 4.4e-05, 0.188368, -0.0625, 4.4e-05, 0.188368, 0.0625, 4.4e-05, -0.250233, -0.0625, 1.125044, -0.375233, -0.0625, 1.125044, -0.375233, 0.0625, 1.125044, -0.250233, 0.0625, 1.125044, -0.375233, 0.0625, 1.125044, -0.375233, -0.0625, 1.125044, -0.250233, -0.0625, 1.125044, -0.250233, 0.0625, 1.125044, -0.375233, 0.0625, 1.500044, -0.375233, -0.0625, 1.500044, -0.250233, -0.0625, 1.500044, -0.250233, 0.0625, 1.500044, 0.374882, 0.0625, 1.125044, 0.374882, -0.0625, 1.125044, 0.249882, -0.0625, 1.125044, 0.249882, 0.0625, 1.125044, 0.25, 0.125, 0.875045, 0.25, 0.125, 1.000045, 0.25, 0.125, 1.125045, 0.25, 0.125, 1.250045, 0.25, 0.125, 1.375045, 0.25, -0.125, 0.875045, 0.25, -0.125, 1.000045, 0.25, -0.125, 1.125045, 0.25, -0.125, 1.250045, 0.25, -0.125, 1.375045, -0.25, -0.125, 0.875045, -0.25, -0.125, 1.000045, -0.25, -0.125, 1.125045, -0.25, -0.125, 1.250045, -0.25, -0.125, 1.375045, -0.25, 0.125, 0.875045, -0.25, 0.125, 1.000045, -0.25, 0.125, 1.125045, -0.25, 0.125, 1.250045, -0.25, 0.125, 1.375045, 0.0, 0.125, 0.750045, 0.0, -0.125, 0.750045, 0.0, 0.125, 1.500045, -0.0, -0.125, 1.500045, 0.0, 0.125, 1.375045, 0.0, 0.125, 1.250045, 0.0, 0.125, 1.125045, 0.0, 0.125, 1.000045, 0.0, 0.125, 0.875045, 0.0, -0.125, 0.875045, 0.0, -0.125, 1.000045, 0.0, -0.125, 1.125045, 0.0, -0.125, 1.250045, -0.0, -0.125, 1.375045, 0.374882, 0.0625, 1.125044, 0.249882, 0.0625, 1.125044, 0.249882, -0.0625, 1.125044, 0.374882, -0.0625, 1.125044, -0.375233, 0.0625, 0.750044, -0.375233, -0.0625, 0.750044, -0.250233, -0.0625, 0.750044, -0.250233, 0.0625, 0.750044, 0.275, 0.275, 1.475045, 0.275, -0.275, 1.475045, -0.275, -0.275, 1.475045, -0.275, 0.275, 1.475045, 0.275, 0.275, 2.025045, 0.275, -0.275, 2.025045, -0.275, -0.275, 2.025045, -0.275, 0.275, 2.025045]
        },
        "uvs": {
            "stride": 2,
            "count": 179,
            "array": [0.253125, 0.007031, 0.371875, 0.244531, 0.371875, 0.007031, 0.246875, 0.244531, 0.128125, 0.007031, 0.128125, 0.244531, 0.121875, 0.257031, 0.003125, 0.494531, 0.121875, 0.494531, 0.496875, 0.257031, 0.378125, 0.494531, 0.496875, 0.494531, 0.371875, 0.494531, 0.253125, 0.257031, 0.253125, 0.494531, 0.128125, 0.494531, 0.246875, 0.257031, 0.128125, 0.257031, 0.6875, 0.5, 0.656205, 0.5625, 0.65625, 0.5, 0.656582, 0.5628, 0.687377, 0.501611, 0.656641, 0.501562, 0.5, 0.625586, 0.562451, 0.50083, 0.5, 0.500928, 0.434375, 0.622656, 0.375, 0.503906, 0.375, 0.622656, 0.310937, 0.635156, 0.251562, 0.694531, 0.310937, 0.694531, 0.5625, 0.635156, 0.503125, 0.694531, 0.5625, 0.694531, 0.498437, 0.635156, 0.439062, 0.694531, 0.498437, 0.694531, 0.375, 0.991406, 0.434375, 0.932031, 0.375, 0.932031, 0.0625, 0.5, 0.031205, 0.5625, 0.03125, 0.5, 0.031582, 0.5628, 0.062377, 0.501611, 0.031641, 0.501562, 0.0625, 0.75, 0.09375, 0.5625, 0.0625, 0.5625, 0.09375, 0.75, 0.125, 0.5625, 0.0, 0.75, 0.0, 0.5625, 0.0625, 0.9375, 0.125, 0.9375, 0.09375, 0.9375, 0.03125, 0.9375, -4.5e-05, 0.9375, 0.062575, 0.75002, 0.093733, 0.5, 0.062488, 0.56308, 0.09368, 0.500919, 0.062617, 0.500917, 0.03125, 0.75, 0.687488, 0.56308, 0.71868, 0.500919, 0.687617, 0.500917, 0.718733, 0.5, 0.6875, 0.5625, 0.687575, 0.75002, 0.65625, 0.9375, 0.6875, 0.9375, 0.625, 0.75, 0.624955, 0.9375, 0.75, 0.9375, 0.71875, 0.75, 0.71875, 0.9375, 0.6875, 0.75, 0.625, 0.5625, 0.75, 0.5625, 0.71875, 0.5625, 0.65625, 0.75, 0.375, 0.694531, 0.434375, 0.635156, 0.375, 0.635156, 0.375, 0.753906, 0.434375, 0.694531, 0.375, 0.813281, 0.434375, 0.753906, 0.375, 0.872656, 0.434375, 0.813281, 0.434375, 0.872656, 0.498437, 0.932031, 0.439062, 0.991406, 0.498437, 0.991406, 0.498437, 0.872656, 0.439062, 0.932031, 0.439063, 0.813281, 0.439063, 0.872656, 0.498437, 0.753906, 0.498437, 0.813281, 0.439062, 0.753906, 0.5625, 0.932031, 0.503125, 0.991406, 0.5625, 0.991406, 0.5625, 0.872656, 0.503125, 0.932031, 0.5625, 0.813281, 0.503125, 0.872656, 0.5625, 0.753906, 0.503125, 0.813281, 0.503125, 0.753906, 0.310937, 0.932031, 0.251562, 0.991406, 0.310937, 0.991406, 0.310937, 0.872656, 0.251562, 0.932031, 0.310937, 0.813281, 0.251562, 0.872656, 0.310937, 0.753906, 0.251562, 0.813281, 0.251562, 0.753906, 0.621875, 0.694531, 0.621875, 0.753906, 0.621875, 0.813281, 0.621875, 0.872656, 0.621875, 0.932031, 0.621875, 0.991406, 0.315625, 0.932031, 0.315625, 0.872656, 0.315625, 0.813281, 0.315625, 0.753906, 0.315625, 0.694531, 0.315625, 0.635156, 0.315625, 0.991406, 0.621875, 0.635156, 0.315625, 0.503906, 0.315625, 0.622656, 0.437918, 0.501199, 0.875, 0.0, 0.75, 0.25, 0.875, 0.25, 0.625, 0.25, 0.75, 0.0, 0.625, 0.0, 0.5, 0.5, 0.625, 0.5, 1.0, 0.25, 0.875, 0.5, 1.0, 0.5, 0.75, 0.5, 0.253125, 0.244531, 0.246875, 0.007031, 0.003125, 0.257031, 0.378125, 0.257031, 0.371875, 0.257031, 0.246875, 0.494531, 0.687378, 0.562793, 0.562476, 0.625732, 0.434375, 0.503906, 0.251563, 0.635156, 0.503125, 0.635156, 0.439063, 0.635156, 0.434375, 0.991406, 0.062378, 0.562793, 0.093738, 0.75, 0.125, 0.75, 0.03125, 0.74986, 0.093732, 0.563413, 0.09375, 0.74986, 0.718732, 0.563413, 0.75, 0.75, 0.65625, 0.74986, 0.718738, 0.75, 0.71875, 0.74986, 0.437795, 0.625609, 0.5, 0.25]
        },
        "normals": {
            "stride": 3,
            "count": 6,
            "array": [0.0, 0.0, -1.0, 0.0, 0.0, 1.0, 1.0, 0.0, -0.0, -0.0, -1.0, -0.0, -1.0, 0.0, 0.0, 0.0, 1.0, 0.0]
        },
        "indices": {
            "stride": 3,
            "count": 600,
            "array": [0, 0, 0, 2, 1, 0, 3, 2, 0, 7, 3, 1, 5, 4, 1, 4, 5, 1, 4, 6, 2, 1, 7, 2, 0, 8, 2, 5, 9, 3, 2, 10, 3, 1, 11, 3, 2, 12, 4, 7, 13, 4, 3, 14, 4, 0, 15, 5, 7, 16, 5, 4, 17, 5, 17, 18, 0, 19, 19, 0, 16, 20, 0, 20, 21, 1, 22, 22, 1, 21, 23, 1, 93, 24, 0, 27, 25, 0, 92, 26, 0, 31, 27, 1, 95, 28, 1, 94, 29, 1, 28, 30, 2, 81, 31, 2, 76, 32, 2, 95, 33, 3, 86, 34, 3, 105, 35, 3, 30, 36, 4, 91, 37, 4, 86, 38, 4, 92, 39, 5, 87, 40, 5, 100, 41, 5, 9, 42, 0, 11, 43, 0, 8, 44, 0, 12, 45, 1, 14, 46, 1, 13, 47, 1, 33, 48, 2, 12, 49, 2, 13, 50, 2, 34, 51, 3, 13, 52, 3, 14, 49, 3, 35, 53, 4, 14, 43, 4, 15, 54, 4, 12, 43, 5, 35, 48, 5, 15, 50, 5, 9, 55, 2, 36, 51, 2, 39, 48, 2, 9, 56, 3, 38, 51, 3, 10, 57, 3, 10, 58, 4, 37, 53, 4, 11, 59, 4, 37, 60, 5, 8, 58, 5, 11, 55, 5, 38, 61, 1, 36, 50, 1, 37, 42, 1, 32, 62, 0, 34, 63, 0, 35, 64, 0, 47, 62, 0, 45, 63, 0, 44, 64, 0, 41, 61, 1, 43, 50, 1, 42, 42, 1, 42, 60, 5, 55, 58, 5, 52, 55, 5, 53, 57, 4, 42, 48, 4, 52, 55, 4, 54, 56, 3, 41, 51, 3, 53, 57, 3, 54, 59, 2, 43, 65, 2, 40, 53, 2, 51, 43, 5, 44, 48, 5, 48, 50, 5, 44, 48, 4, 49, 49, 4, 48, 50, 4, 45, 51, 3, 50, 52, 3, 49, 49, 3, 46, 53, 2, 51, 43, 2, 50, 54, 2, 51, 45, 1, 49, 46, 1, 50, 47, 1, 54, 42, 0, 52, 43, 0, 55, 44, 0, 63, 66, 0, 61, 67, 0, 60, 68, 0, 57, 69, 1, 59, 70, 1, 58, 18, 1, 58, 71, 5, 113, 72, 5, 110, 73, 5, 111, 72, 4, 58, 74, 4, 110, 75, 4, 112, 76, 3, 57, 77, 3, 111, 78, 3, 112, 73, 2, 59, 77, 2, 56, 79, 2, 67, 19, 5, 60, 79, 5, 64, 70, 5, 60, 74, 4, 65, 19, 4, 64, 80, 4, 61, 77, 3, 66, 81, 3, 65, 82, 3, 62, 79, 2, 67, 82, 2, 66, 70, 2, 69, 74, 2, 20, 19, 2, 21, 80, 2, 70, 77, 3, 21, 81, 3, 22, 82, 3, 71, 79, 4, 22, 82, 4, 23, 70, 4, 20, 19, 5, 71, 79, 5, 23, 70, 5, 17, 75, 2, 106, 83, 2, 109, 74, 2, 17, 76, 3, 108, 77, 3, 18, 78, 3, 18, 78, 4, 107, 79, 4, 19, 73, 4, 107, 71, 5, 16, 72, 5, 19, 73, 5, 96, 84, 5, 31, 85, 5, 94, 86, 5, 97, 87, 5, 91, 88, 5, 96, 84, 5, 98, 89, 5, 90, 90, 5, 97, 87, 5, 99, 91, 5, 89, 92, 5, 98, 89, 5, 100, 41, 5, 88, 93, 5, 99, 91, 5, 82, 94, 4, 27, 95, 4, 26, 96, 4, 83, 97, 4, 87, 98, 4, 82, 94, 4, 83, 97, 4, 89, 99, 4, 88, 100, 4, 85, 101, 4, 89, 99, 4, 84, 102, 4, 86, 38, 4, 90, 103, 4, 85, 101, 4, 101, 104, 3, 26, 105, 3, 93, 106, 3, 102, 107, 3, 82, 108, 3, 101, 104, 3, 103, 109, 3, 83, 110, 3, 102, 107, 3, 104, 111, 3, 84, 112, 3, 103, 109, 3, 105, 35, 3, 85, 113, 3, 104, 111, 3, 72, 114, 2, 25, 115, 2, 24, 116, 2, 73, 117, 2, 77, 118, 2, 72, 114, 2, 74, 119, 2, 78, 120, 2, 73, 117, 2, 75, 121, 2, 79, 122, 2, 74, 119, 2, 76, 32, 2, 80, 123, 2, 75, 121, 2, 81, 124, 3, 104, 111, 3, 80, 125, 3, 80, 125, 3, 103, 109, 3, 79, 126, 3, 79, 126, 3, 102, 107, 3, 78, 127, 3, 78, 127, 3, 101, 104, 3, 77, 128, 3, 77, 128, 3, 93, 106, 3, 25, 129, 3, 72, 130, 5, 99, 91, 5, 73, 131, 5, 73, 131, 5, 98, 89, 5, 74, 132, 5, 74, 132, 5, 97, 87, 5, 75, 133, 5, 75, 133, 5, 96, 84, 5, 76, 134, 5, 76, 134, 5, 94, 86, 5, 28, 135, 5, 24, 136, 5, 100, 41, 5, 72, 130, 5, 29, 137, 3, 105, 35, 3, 81, 124, 3, 94, 29, 1, 29, 138, 1, 28, 139, 1, 24, 140, 0, 93, 24, 0, 92, 26, 0, 108, 69, 1, 106, 70, 1, 107, 18, 1, 67, 21, 1, 65, 22, 1, 66, 23, 1, 68, 66, 0, 70, 67, 0, 71, 68, 0, 112, 18, 0, 110, 19, 0, 113, 20, 0, 114, 141, 0, 116, 142, 0, 117, 143, 0, 118, 144, 1, 120, 145, 1, 119, 146, 1, 118, 144, 2, 115, 147, 2, 114, 148, 2, 119, 149, 3, 116, 150, 3, 115, 151, 3, 120, 143, 4, 117, 152, 4, 116, 150, 4, 114, 148, 5, 121, 142, 5, 118, 144, 5, 0, 0, 0, 1, 153, 0, 2, 1, 0, 7, 3, 1, 6, 154, 1, 5, 4, 1, 4, 6, 2, 5, 155, 2, 1, 7, 2, 5, 9, 3, 6, 156, 3, 2, 10, 3, 2, 12, 4, 6, 157, 4, 7, 13, 4, 0, 15, 5, 3, 158, 5, 7, 16, 5, 17, 18, 0, 18, 70, 0, 19, 19, 0, 20, 21, 1, 23, 159, 1, 22, 22, 1, 93, 24, 0, 26, 160, 0, 27, 25, 0, 31, 27, 1, 30, 161, 1, 95, 28, 1, 28, 30, 2, 29, 162, 2, 81, 31, 2, 95, 33, 3, 30, 163, 3, 86, 34, 3, 30, 36, 4, 31, 164, 4, 91, 37, 4, 92, 39, 5, 27, 165, 5, 87, 40, 5, 9, 42, 0, 10, 50, 0, 11, 43, 0, 12, 45, 1, 15, 166, 1, 14, 46, 1, 33, 48, 2, 32, 167, 2, 12, 49, 2, 34, 51, 3, 33, 168, 3, 13, 52, 3, 35, 53, 4, 34, 169, 4, 14, 43, 4, 12, 43, 5, 32, 65, 5, 35, 48, 5, 9, 55, 2, 8, 57, 2, 36, 51, 2, 9, 56, 3, 39, 168, 3, 38, 51, 3, 10, 58, 4, 38, 65, 4, 37, 53, 4, 37, 60, 5, 36, 65, 5, 8, 58, 5, 38, 61, 1, 39, 49, 1, 36, 50, 1, 32, 62, 0, 33, 170, 0, 34, 63, 0, 47, 62, 0, 46, 170, 0, 45, 63, 0, 41, 61, 1, 40, 49, 1, 43, 50, 1, 42, 60, 5, 43, 65, 5, 55, 58, 5, 53, 57, 4, 41, 51, 4, 42, 48, 4, 54, 56, 3, 40, 168, 3, 41, 51, 3, 54, 59, 2, 55, 58, 2, 43, 65, 2, 51, 43, 5, 47, 65, 5, 44, 48, 5, 44, 48, 4, 45, 171, 4, 49, 49, 4, 45, 51, 3, 46, 168, 3, 50, 52, 3, 46, 53, 2, 47, 65, 2, 51, 43, 2, 51, 45, 1, 48, 166, 1, 49, 46, 1, 54, 42, 0, 53, 50, 0, 52, 43, 0, 63, 66, 0, 62, 172, 0, 61, 67, 0, 57, 69, 1, 56, 82, 1, 59, 70, 1, 58, 71, 5, 59, 83, 5, 113, 72, 5, 111, 72, 4, 57, 83, 4, 58, 74, 4, 112, 76, 3, 56, 173, 3, 57, 77, 3, 112, 73, 2, 113, 78, 2, 59, 77, 2, 67, 19, 5, 63, 83, 5, 60, 79, 5, 60, 74, 4, 61, 174, 4, 65, 19, 4, 61, 77, 3, 62, 173, 3, 66, 81, 3, 62, 79, 2, 63, 175, 2, 67, 82, 2, 69, 74, 2, 68, 83, 2, 20, 19, 2, 70, 77, 3, 69, 173, 3, 21, 81, 3, 71, 79, 4, 70, 176, 4, 22, 82, 4, 20, 19, 5, 68, 83, 5, 71, 79, 5, 17, 75, 2, 16, 72, 2, 106, 83, 2, 17, 76, 3, 109, 173, 3, 108, 77, 3, 18, 78, 4, 108, 77, 4, 107, 79, 4, 107, 71, 5, 106, 83, 5, 16, 72, 5, 96, 84, 5, 91, 88, 5, 31, 85, 5, 97, 87, 5, 90, 90, 5, 91, 88, 5, 98, 89, 5, 89, 92, 5, 90, 90, 5, 99, 91, 5, 88, 93, 5, 89, 92, 5, 100, 41, 5, 87, 40, 5, 88, 93, 5, 82, 94, 4, 87, 98, 4, 27, 95, 4, 83, 97, 4, 88, 100, 4, 87, 98, 4, 83, 97, 4, 84, 102, 4, 89, 99, 4, 85, 101, 4, 90, 103, 4, 89, 99, 4, 86, 38, 4, 91, 37, 4, 90, 103, 4, 101, 104, 3, 82, 108, 3, 26, 105, 3, 102, 107, 3, 83, 110, 3, 82, 108, 3, 103, 109, 3, 84, 112, 3, 83, 110, 3, 104, 111, 3, 85, 113, 3, 84, 112, 3, 105, 35, 3, 86, 34, 3, 85, 113, 3, 72, 114, 2, 77, 118, 2, 25, 115, 2, 73, 117, 2, 78, 120, 2, 77, 118, 2, 74, 119, 2, 79, 122, 2, 78, 120, 2, 75, 121, 2, 80, 123, 2, 79, 122, 2, 76, 32, 2, 81, 31, 2, 80, 123, 2, 81, 124, 3, 105, 35, 3, 104, 111, 3, 80, 125, 3, 104, 111, 3, 103, 109, 3, 79, 126, 3, 103, 109, 3, 102, 107, 3, 78, 127, 3, 102, 107, 3, 101, 104, 3, 77, 128, 3, 101, 104, 3, 93, 106, 3, 72, 130, 5, 100, 41, 5, 99, 91, 5, 73, 131, 5, 99, 91, 5, 98, 89, 5, 74, 132, 5, 98, 89, 5, 97, 87, 5, 75, 133, 5, 97, 87, 5, 96, 84, 5, 76, 134, 5, 96, 84, 5, 94, 86, 5, 24, 136, 5, 92, 39, 5, 100, 41, 5, 29, 137, 3, 95, 33, 3, 105, 35, 3, 94, 29, 1, 95, 28, 1, 29, 138, 1, 24, 140, 0, 25, 177, 0, 93, 24, 0, 108, 69, 1, 109, 82, 1, 106, 70, 1, 67, 21, 1, 64, 159, 1, 65, 22, 1, 68, 66, 0, 69, 172, 0, 70, 67, 0, 112, 18, 0, 111, 70, 0, 110, 19, 0, 114, 141, 0, 115, 145, 0, 116, 142, 0, 118, 144, 1, 121, 142, 1, 120, 145, 1, 118, 144, 2, 119, 178, 2, 115, 147, 2, 119, 149, 3, 120, 143, 3, 116, 150, 3, 120, 143, 4, 121, 142, 4, 117, 152, 4, 114, 148, 5, 117, 152, 5, 121, 142, 5]
        },
        "vcounts": {
            "stride": 1,
            "count": 122,
            "array": [1, 1, 1, 1, 1, 2, 1, 3, 1, 1, 1, 1, 1, 1, 1, 1, 1, 1, 1, 1, 1, 1, 1, 1, 1, 1, 1, 1, 1, 1, 1, 1, 1, 1, 1, 1, 1, 1, 1, 1, 1, 1, 1, 1, 1, 1, 1, 1, 1, 1, 1, 1, 1, 1, 1, 1, 1, 1, 1, 1, 1, 1, 1, 1, 1, 1, 1, 1, 1, 1, 1, 1, 2, 2, 2, 2, 2, 2, 2, 2, 2, 2, 2, 2, 2, 2, 2, 2, 2, 2, 2, 2, 1, 1, 1, 1, 2, 2, 2, 2, 2, 2, 2, 2, 2, 2, 1, 1, 1, 1, 1, 1, 1, 1, 1, 1, 1, 1, 1, 1, 1, 2]
        },
        "weights": {
            "stride": 1,
            "count": 39,
            "array": [1.0, 0.9944, 0.0056, 0.9899, 0.005, 0.0051, 0.746, 0.254, 0.7461, 0.2539, 0.5019, 0.4981, 0.2558, 0.7442, 0.23, 0.77, 0.7457, 0.2543, 0.7456, 0.2544, 0.5017, 0.4983, 0.2561, 0.7439, 0.2355, 0.7645, 0.5018, 0.4982, 0.2562, 0.7438, 0.2329, 0.7671, 0.2327, 0.7673, 0.7686, 0.2314, 0.7658, 0.2342, 0.9949]
        },
        "vindices": {
            "stride": 1,
            "count": 312,
            "array": [9, 0, 9, 0, 9, 0, 9, 0, 9, 0, 9, 1, 15, 2, 9, 0, 9, 3, 10, 4, 15, 5, 5, 0, 5, 0, 5, 0, 5, 0, 4, 0, 4, 0, 4, 0, 4, 0, 12, 0, 12, 0, 12, 0, 12, 0, 11, 0, 11, 0, 11, 0, 11, 0, 7, 0, 7, 0, 7, 0, 7, 0, 8, 0, 8, 0, 8, 0, 8, 0, 4, 0, 4, 0, 4, 0, 4, 0, 5, 0, 5, 0, 5, 0, 5, 0, 2, 0, 2, 0, 2, 0, 2, 0, 1, 0, 1, 0, 1, 0, 1, 0, 1, 0, 1, 0, 1, 0, 1, 0, 2, 0, 2, 0, 2, 0, 2, 0, 17, 0, 17, 0, 17, 0, 17, 0, 16, 0, 16, 0, 16, 0, 16, 0, 16, 0, 16, 0, 16, 0, 16, 0, 11, 0, 11, 0, 11, 0, 11, 0, 7, 6, 8, 7, 7, 8, 8, 9, 7, 10, 8, 11, 7, 12, 8, 13, 7, 14, 8, 15, 7, 16, 8, 17, 7, 18, 8, 19, 7, 20, 8, 21, 7, 22, 8, 23, 7, 24, 8, 25, 7, 16, 8, 17, 7, 16, 8, 17, 7, 26, 8, 27, 7, 28, 8, 29, 7, 30, 8, 31, 7, 6, 8, 7, 7, 6, 8, 7, 7, 20, 8, 21, 7, 12, 8, 13, 7, 32, 8, 33, 7, 0, 7, 0, 8, 0, 8, 0, 8, 34, 7, 35, 8, 13, 7, 12, 8, 27, 7, 26, 8, 7, 7, 6, 8, 7, 7, 6, 8, 17, 7, 16, 8, 17, 7, 16, 8, 27, 7, 26, 8, 29, 7, 28, 8, 36, 7, 37, 12, 0, 12, 0, 12, 0, 12, 0, 17, 0, 17, 0, 17, 0, 17, 0, 9, 0, 9, 0, 9, 0, 9, 0, 9, 0, 9, 0, 9, 0, 9, 38, 15, 5]
        }
    },
    "armature": {
        "joints": ["Root", "Thigh_R", "Leg_R", "Knee_R", "Thigh_L", "Leg_L", "Knee_L", "Torso", "Chest", "Head", "Shoulder_R", "Arm_R", "Hand_R", "Tool_R", "Elbow_R", "Shoulder_L", "Arm_L", "Hand_L", "Tool_L", "Elbow_L"],
        "hierarchy": [
            {
                "name": "Root",
                "transform": [1.0, 0.0, 0.0, -5e-06, 0.0, 0.0, -1.0, 0.000946, 0.0, 1.0, 0.0, 0.763972, 0.0, 0.0, 0.0, 1.0],
                "children": [
                    {
                        "name": "Thigh_R",
                        "transform": [1.0, -0.0, -0.0, 0.124994, 0.0, -1.0, 1e-06, -0.002831, -0.0, -0.0, -1.0, -1.2e-05, 0.0, 0.0, 0.0, 1.0],
                        "children": [
                            {
                                "name": "Leg_R",
                                "transform": [1.0, 0.0, 1e-06, 0.0, -0.0, 1.0, 0.0, 0.37472, -1e-06, -0.0, 1.0, 0.0, 0.0, 0.0, 0.0, 1.0],
                                "children": []
                            },
                            {
                                "name": "Knee_R",
                                "transform": [1.0, 0.0, -0.0, 0.0, -0.0, 1e-06, -1.0, 0.37472, -0.0, 1.0, 1e-06, 0.0, 0.0, 0.0, 0.0, 1.0],
                                "children": []
                            }
                        ]
                    },
                    {
                        "name": "Thigh_L",
                        "transform": [1.0, -0.0, -0.0, -0.125006, 0.0, -1.0, 1e-06, -0.002831, -0.0, -0.0, -1.0, -1.2e-05, 0.0, 0.0, 0.0, 1.0],
                        "children": [
                            {
                                "name": "Leg_L",
                                "transform": [1.0, 0.0, 1e-06, -0.0, -0.0, 1.0, 0.0, 0.37472, -1e-06, -0.0, 1.0, 0.0, 0.0, 0.0, 0.0, 1.0],
                                "children": []
                            },
                            {
                                "name": "Knee_L",
                                "transform": [1.0, 0.0, -0.0, -0.0, -0.0, 1e-06, -1.0, 0.37472, -0.0, 1.0, 1e-06, 0.0, 0.0, 0.0, 0.0, 1.0],
                                "children": []
                            }
                        ]
                    },
                    {
                        "name": "Torso",
                        "transform": [1.0, 0.0, 0.0, 0.0, 0.0, 1.0, 0.0, 0.05, 0.0, 0.0, 1.0, 0.0, 0.0, 0.0, 0.0, 1.0],
                        "children": [
                            {
                                "name": "Chest",
                                "transform": [1.0, 0.0, 0.0, 0.0, 0.0, 1.0, 0.0, 0.3, 0.0, 0.0, 1.0, 0.0, 0.0, 0.0, 0.0, 1.0],
                                "children": [
                                    {
                                        "name": "Head",
                                        "transform": [1.0, 0.0, 0.0, 0.0, 0.0, 1.0, 0.0, 0.4, 0.0, 0.0, 1.0, 0.0, 0.0, 0.0, 0.0, 1.0],
                                        "children": []
                                    },
                                    {
                                        "name": "Shoulder_R",
                                        "transform": [-0.0, 0.932661, 0.360754, 0.0, -0.0, -0.360754, 0.932661, 0.4, 1.0, 0.0, 0.0, 0.0, 0.0, 0.0, 0.0, 1.0],
                                        "children": [
                                            {
                                                "name": "Arm_R",
                                                "transform": [0.0, 0.0, -1.0, 0.0, 0.932661, 0.360754, 0.0, 0.333802, 0.360754, -0.932661, 0.0, 0.0, 0.0, 0.0, 0.0, 1.0],
                                                "children": [
                                                    {
                                                        "name": "Hand_R",
                                                        "transform": [1.0, 0.0, -0.0, 0.0, -0.0, 1.0, 0.0, 0.3, 0.0, -0.0, 1.0, 0.0, 0.0, 0.0, 0.0, 1.0],
                                                        "children": [
                                                            {
                                                                "name": "Tool_R",
                                                                "transform": [1.0, 0.0, 0.0, 0.0, 0.0, -1.0, 0.0, 0.271204, 0.0, -0.0, -1.0, -0.0, 0.0, 0.0, 0.0, 1.0],
                                                                "children": []
                                                            }
                                                        ]
                                                    },
                                                    {
                                                        "name": "Elbow_R",
                                                        "transform": [-1.0, 0.0, -0.0, 0.0, 0.0, -0.0, -1.0, 0.3, -0.0, -1.0, 0.0, 0.0, 0.0, 0.0, 0.0, 1.0],
                                                        "children": []
                                                    }
                                                ]
                                            }
                                        ]
                                    },
                                    {
                                        "name": "Shoulder_L",
                                        "transform": [-0.0, -0.932661, -0.360754, 0.0, 0.0, -0.360754, 0.932661, 0.4, -1.0, 0.0, 0.0, 0.0, 0.0, 0.0, 0.0, 1.0],
                                        "children": [
                                            {
                                                "name": "Arm_L",
                                                "transform": [-0.0, -0.0, 1.0, 0.0, -0.932661, 0.360754, -0.0, 0.333802, -0.360754, -0.932661, -0.0, -0.0, 0.0, 0.0, 0.0, 1.0],
                                                "children": [
                                                    {
                                                        "name": "Hand_L",
                                                        "transform": [1.0, -0.0, 0.0, 0.0, 0.0, 1.0, 0.0, 0.3, -0.0, -0.0, 1.0, -0.0, 0.0, 0.0, 0.0, 1.0],
                                                        "children": [
                                                            {
                                                                "name": "Tool_L",
                                                                "transform": [1.0, 0.0, 0.0, -0.0, 0.0, -1.0, 0.0, 0.271204, 0.0, -0.0, -1.0, -0.0, 0.0, 0.0, 0.0, 1.0],
                                                                "children": []
                                                            }
                                                        ]
                                                    },
                                                    {
                                                        "name": "Elbow_L",
                                                        "transform": [-1.0, 0.0, -0.0, 0.0, 0.0, -0.0, -1.0, 0.3, -0.0, -1.0, 0.0, -0.0, 0.0, 0.0, 0.0, 1.0],
                                                        "children": []
                                                    }
                                                ]
                                            }
                                        ]
                                    }
                                ]
                            }
                        ]
                    }
                ]
            }
        ]
    },
    "animation": [
        {
            "name": "Root",
            "time": [0.0, 0.1667, 0.2, 0.2167, 0.2667, 0.3167, 0.75],
            "transform": [
                [0.306057, 0.0, -0.952013, -5e-06, -0.952013, 0.0, -0.306057, 0.000946, 0.0, 1.0, 0.0, 0.565311, 0.0, 0.0, 0.0, 1.0],
                [0.1517, 0.0, -0.988427, 0.00257, -0.988427, 0.0, -0.1517, -0.172081, 0.0, 1.0, 0.0, 0.44948, 0.0, 0.0, 0.0, 1.0],
                [0.44634, -0.016864, -0.894704, 0.002408, -0.894602, 0.015765, -0.446586, 0.062847, 0.021636, 0.999734, -0.00805, 0.495023, 0.0, 0.0, 0.0, 1.0],
                [0.625554, -0.029112, -0.779637, 0.00221, -0.779091, 0.029479, -0.626217, 0.183075, 0.041213, 0.999141, -0.00424, 0.509528, 0.0, 0.0, 0.0, 1.0],
                [0.914717, -0.064089, -0.398981, 0.001283, -0.393194, 0.086623, -0.915366, 0.604123, 0.093226, 0.994178, 0.054036, 0.428909, 0.0, 0.0, 0.0, 1.0],
                [0.965487, 0.0, 0.260451, -5e-06, 0.256495, 0.173648, -0.950819, 0.900946, -0.045227, 0.984808, 0.167655, 0.420404, 0.0, 0.0, 0.0, 1.0],
                [0.965487, 0.0, 0.260451, -5e-06, 0.256495, 0.173648, -0.950819, 0.900946, -0.045227, 0.984808, 0.167655, 0.50546, 0.0, 0.0, 0.0, 1.0]
            ]
        },
        {
            "name": "Thigh_R",
            "time": [0.0, 0.1667, 0.2167, 0.2667, 0.3167, 0.75],
            "transform": [
                [0.842215, 0.409467, -0.350721, 0.124987, 0.526094, -0.766398, 0.368583, -0.001752, -0.11787, -0.49494, -0.860893, -1e-06, 0.0, 0.0, 0.0, 1.0],
                [0.781941, 0.539581, -0.312116, 0.124994, 0.585407, -0.463639, 0.66508, -0.002831, 0.214156, -0.70277, -0.678414, -1.2e-05, 0.0, 0.0, 0.0, 1.0],
                [0.961294, 0.207349, -0.181421, 0.124994, 0.269468, -0.570413, 0.775892, -0.002831, 0.057396, -0.794749, -0.604211, -1.2e-05, 0.0, 0.0, 0.0, 1.0],
                [0.977956, -0.166598, -0.125861, 0.124994, 0.095293, -0.180227, 0.978994, -0.002831, -0.185783, -0.969409, -0.160379, -1.2e-05, 0.0, 0.0, 0.0, 1.0],
                [0.964881, 0.258645, -0.045836, 0.124994, 0.044847, 0.009727, 0.998943, -0.002831, 0.258818, -0.96592, -0.002215, -1.2e-05, 0.0, 0.0, 0.0, 1.0],
                [0.963938, 0.266088, 0.004024, 0.124994, 0.061902, -0.238905, 0.969065, -0.002831, 0.258818, -0.933871, -0.246762, -1.2e-05, 0.0, 0.0, 0.0, 1.0]
            ]
        },
        {
            "name": "Leg_R",
            "time": [0.0, 0.1667, 0.2167, 0.2667, 0.3167, 0.75],
            "transform": [
                [1.0, -0.0, 1e-06, -0.0, -0.0, 0.752205, 0.65893, 0.37472, -1e-06, -0.65893, 0.752206, -0.0, 0.0, 0.0, 0.0, 1.0],
                [0.999999, -0.0, 1e-06, -0.0, -0.0, 0.580469, 0.814283, 0.37472, -1e-06, -0.814283, 0.580469, -0.0, 0.0, 0.0, 0.0, 1.0],
                [0.999999, -1e-06, 0.0, 0.0, -0.0, 0.157691, 0.987489, 0.37472, -1e-06, -0.98749, 0.157691, -0.0, 0.0, 0.0, 0.0, 1.0],
                [0.999999, -1e-06, 0.0, 0.0, -0.0, 0.193515, 0.981098, 0.37472, -1e-06, -0.981099, 0.193515, 0.0, 0.0, 0.0, 0.0, 1.0],
                [0.999999, -1e-06, 0.0, 0.0, -0.0, 0.167, 0.985958, 0.37472, -1e-06, -0.985959, 0.167, -0.0, 0.0, 0.0, 0.0, 1.0],
                [0.999999, -1e-06, 1e-06, 0.0, -0.0, 0.438683, 0.898643, 0.37472, -1e-06, -0.898643, 0.438683, 0.0, 0.0, 0.0, 0.0, 1.0]
            ]
        },
        {
            "name": "Knee_R",
            "time": [0.0, 0.1667, 0.75],
            "transform": [
                [1.0, 0.0, -0.0, -0.0, -0.0, 1e-06, -1.0, 0.37472, -0.0, 1.0, 1e-06, -0.0, 0.0, 0.0, 0.0, 1.0],
                [1.0, 0.0, -0.0, -0.0, -0.0, 1e-06, -1.0, 0.37472, -0.0, 1.0, 1e-06, -0.0, 0.0, 0.0, 0.0, 1.0],
                [1.0, 0.0, -0.0, 0.0, -0.0, 1e-06, -1.0, 0.37472, -0.0, 1.0, 1e-06, 0.0, 0.0, 0.0, 0.0, 1.0]
            ]
        },
        {
            "name": "Thigh_L",
            "time": [0.0, 0.1667, 0.2, 0.2167, 0.2667, 0.3167, 0.75],
            "transform": [
                [0.800549, -0.594873, -0.07242, -0.124999, -0.540632, -0.769063, 0.340963, -0.00391, -0.258526, -0.233805, -0.937282, -2.3e-05, 0.0, 0.0, 0.0, 1.0],
                [0.698539, -0.71413, 0.045346, -0.125006, -0.690997, -0.656734, 0.302021, -0.002831, -0.185902, -0.242308, -0.952218, -1.2e-05, 0.0, 0.0, 0.0, 1.0],
                [0.835251, -0.542784, 0.08795, -0.125006, -0.485142, -0.652162, 0.582507, -0.002831, -0.258818, -0.529209, -0.808049, -1.2e-05, 0.0, 0.0, 0.0, 1.0],
                [0.911459, -0.410888, 0.020174, -0.125006, -0.319764, -0.676762, 0.663126, -0.002831, -0.258818, -0.610865, -0.74823, -1.2e-05, 0.0, 0.0, 0.0, 1.0],
                [0.945185, -0.26138, -0.195707, -0.125006, -0.199082, -0.936364, 0.289097, -0.002831, -0.258818, -0.234288, -0.937078, -1.2e-05, 0.0, 0.0, 0.0, 1.0],
                [0.922564, -0.315596, -0.221969, -0.125006, -0.377612, -0.856683, -0.351422, -0.002831, -0.07925, 0.408028, -0.90952, -1.2e-05, 0.0, 0.0, 0.0, 1.0],
                [0.938967, -0.315061, -0.138094, -0.125006, -0.323211, -0.94545, -0.04062, -0.002831, -0.117764, 0.082775, -0.989583, -1.2e-05, 0.0, 0.0, 0.0, 1.0]
            ]
        },
        {
            "name": "Leg_L",
            "time": [0.0, 0.1667, 0.2167, 0.2667, 0.3167, 0.75],
            "transform": [
                [1.0, -0.0, 1e-06, -0.0, -0.0, 0.778627, 0.627488, 0.37472, -1e-06, -0.627487, 0.778628, 0.0, 0.0, 0.0, 0.0, 1.0],
                [1.0, -0.0, 1e-06, -0.0, -0.0, 0.648467, 0.761243, 0.37472, -1e-06, -0.761244, 0.648466, 0.0, 0.0, 0.0, 0.0, 1.0],
                [1.000001, -1e-06, 0.0, -0.0, -0.0, 0.078313, 0.99693, 0.37472, -1e-06, -0.996929, 0.078313, 0.0, 0.0, 0.0, 0.0, 1.0],
                [1.000001, -1e-06, 0.0, 0.0, -0.0, 0.018989, 0.99982, 0.37472, -1e-06, -0.99982, 0.018989, 0.0, 0.0, 0.0, 0.0, 1.0],
                [1.000001, -0.0, 1e-06, 0.0, -0.0, 0.892035, 0.451967, 0.37472, -1e-06, -0.451966, 0.892036, -0.0, 0.0, 0.0, 0.0, 1.0],
                [1.0, -0.0, 1e-06, -0.0, -0.0, 0.742687, 0.66964, 0.37472, -1e-06, -0.669639, 0.742689, 0.0, 0.0, 0.0, 0.0, 1.0]
            ]
        },
        {
            "name": "Knee_L",
            "time": [0.0, 0.1667, 0.75],
            "transform": [
                [1.0, 0.0, -0.0, -0.0, -0.0, 1e-06, -1.0, 0.37472, -0.0, 1.0, 1e-06, 0.0, 0.0, 0.0, 0.0, 1.0],
                [1.0, 0.0, -0.0, -0.0, -0.0, 1e-06, -1.0, 0.37472, -0.0, 1.0, 1e-06, 0.0, 0.0, 0.0, 0.0, 1.0],
                [1.0, 0.0, -0.0, -0.0, -0.0, 1e-06, -1.0, 0.37472, -0.0, 1.0, 1e-06, 0.0, 0.0, 0.0, 0.0, 1.0]
            ]
        },
        {
            "name": "Torso",
            "time": [0.0, 0.1667, 0.2667, 0.3167, 0.75],
            "transform": [
                [0.991746, -0.12822, -0.000611, -0.0, 0.127743, 0.988452, -0.081515, 0.05, 0.011056, 0.080764, 0.996672, 0.0, 0.0, 0.0, 0.0, 1.0],
                [0.996317, -0.085717, -0.002398, -0.0, 0.084396, 0.985143, -0.149568, 0.05, 0.015183, 0.148815, 0.988749, 0.0, 0.0, 0.0, 0.0, 1.0],
                [0.997245, -0.073047, -0.012909, 0.0, 0.073596, 0.996088, 0.048913, 0.05, 0.009286, -0.049729, 0.99872, -0.0, 0.0, 0.0, 0.0, 1.0],
                [0.997547, 0.068039, 0.016464, -0.0, -0.069276, 0.925711, 0.371834, 0.05, 0.010059, -0.372063, 0.928153, 0.0, 0.0, 0.0, 0.0, 1.0],
                [0.999725, -0.023309, -0.002766, -0.0, 0.023389, 0.999169, 0.033381, 0.05, 0.001986, -0.033436, 0.999439, 0.0, 0.0, 0.0, 0.0, 1.0]
            ]
        },
        {
            "name": "Chest",
            "time": [0.0, 0.1667, 0.2667, 0.3167, 0.75],
            "transform": [
                [0.971327, 0.037215, -0.234816, 0.0, 0.002085, 0.986301, 0.16494, 0.3, 0.237737, -0.1607, 0.957944, 0.0, 0.0, 0.0, 0.0, 1.0],
                [0.740527, -0.014523, -0.67187, -0.0, 0.237114, 0.941114, 0.241002, 0.3, 0.628806, -0.337778, 0.700364, -0.0, 0.0, 0.0, 0.0, 1.0],
                [0.938261, -0.00019, -0.345928, 0.0, 0.068695, 0.980187, 0.185783, 0.3, 0.339039, -0.198077, 0.919684, -0.0, 0.0, 0.0, 0.0, 1.0],
                [0.999998, 0.001802, 1.8e-05, -0.0, -0.001802, 0.999794, 0.020204, 0.3, 1.8e-05, -0.020204, 0.999796, 0.0, 0.0, 0.0, 0.0, 1.0],
                [0.998062, 0.060337, 0.015192, -0.0, -0.06222, 0.96803, 0.242995, 0.3, -4.5e-05, -0.24347, 0.969909, -0.0, 0.0, 0.0, 0.0, 1.0]
            ]
        },
        {
            "name": "Head",
            "time": [0.0, 0.1667, 0.2667, 0.3167, 0.75],
            "transform": [
                [0.508097, 0.00042, 0.8613, 0.0, 0.032552, 0.999276, -0.01969, 0.4, -0.860684, 0.038041, 0.507716, -0.0, 0.0, 0.0, 0.0, 1.0],
                [0.305416, 0.016808, 0.952071, -0.0, 0.009331, 0.999743, -0.020643, 0.4, -0.952173, 0.015189, 0.305181, 0.0, 0.0, 0.0, 0.0, 1.0],
                [0.813193, 0.111077, 0.571295, 0.0, -0.044186, 0.990568, -0.129701, 0.4, -0.580314, 0.080228, 0.810431, 0.0, 0.0, 0.0, 0.0, 1.0],
                [0.96857, -0.041129, -0.245317, 0.0, -0.02636, 0.963709, -0.265649, 0.4, 0.24734, 0.263766, 0.932336, 0.0, 0.0, 0.0, 0.0, 1.0],
                [0.964035, -0.041129, -0.262573, -0.0, -0.0311, 0.963709, -0.265136, 0.4, 0.263949, 0.263766, 0.927771, 0.0, 0.0, 0.0, 0.0, 1.0]
            ]
        },
        {
            "name": "Shoulder_R",
            "time": [0.0, 0.1667, 0.3167, 0.75],
            "transform": [
                [-0.305817, 0.893105, 0.329909, 0.0, -0.127287, -0.381752, 0.915458, 0.4, 0.943543, 0.23797, 0.230427, -0.0, 0.0, 0.0, 0.0, 1.0],
                [-0.399181, 0.840858, 0.36553, -0.0, 0.029822, -0.386552, 0.921785, 0.4, 0.916387, 0.37886, 0.129228, 0.0, 0.0, 0.0, 0.0, 1.0],
                [0.393627, 0.898512, 0.194254, 0.0, 0.008952, -0.215049, 0.976562, 0.4, 0.919227, -0.382663, -0.092693, 0.0, 0.0, 0.0, 0.0, 1.0],
                [0.393627, 0.86865, 0.300839, -0.0, 0.008952, -0.330865, 0.943636, 0.4, 0.919227, -0.368748, -0.138014, 0.0, 0.0, 0.0, 0.0, 1.0]
            ]
        },
        {
            "name": "Arm_R",
            "time": [0.0, 0.1667, 0.2667, 0.3167, 0.75],
            "transform": [
                [-0.318803, -0.85518, -0.408695, 0.0, -0.215133, 0.485228, -0.847509, 0.333802, 0.923083, -0.182264, -0.33867, -0.0, 0.0, 0.0, 0.0, 1.0],
                [0.112044, -0.990047, -0.085171, 0.0, -0.278248, 0.051024, -0.959153, 0.333802, 0.953952, 0.131166, -0.269762, -0.0, 0.0, 0.0, 0.0, 1.0],
                [0.170772, -0.124225, -0.977448, -0.0, -0.259083, 0.95145, -0.166187, 0.333802, 0.950638, 0.281621, 0.130297, -0.0, 0.0, 0.0, 0.0, 1.0],
                [0.530761, -0.699836, -0.47804, -0.0, -0.286812, 0.382448, -0.878335, 0.333802, 0.797516, 0.603294, 0.002267, 0.0, 0.0, 0.0, 0.0, 1.0],
                [0.512994, -0.745834, -0.424934, -0.0, 0.208888, 0.58862, -0.780956, 0.333802, 0.832588, 0.311862, 0.457755, -0.0, 0.0, 0.0, 0.0, 1.0]
            ]
        },
        {
            "name": "Hand_R",
            "time": [0.0, 0.1667, 0.2667, 0.3167, 0.75],
            "transform": [
                [0.999945, -0.009537, 0.004452, 0.0, 0.010299, 0.973803, -0.227158, 0.3, -0.002169, 0.227191, 0.973848, -0.0, 0.0, 0.0, 0.0, 1.0],
                [0.99876, -0.016921, 0.046822, 0.0, 0.034162, 0.917049, -0.397308, 0.3, -0.036216, 0.398415, 0.91649, 0.0, 0.0, 0.0, 0.0, 1.0],
                [0.991095, 0.022317, 0.131274, 0.0, 0.063261, 0.788579, -0.61167, 0.3, -0.11717, 0.614528, 0.780145, 0.0, 0.0, 0.0, 0.0, 1.0],
                [1.0, 0.0, -0.0, -0.0, -0.0, 1.0, 0.0, 0.3, 0.0, -0.0, 1.0, 0.0, 0.0, 0.0, 0.0, 1.0],
                [0.999952, 0.009783, -0.000784, 0.0, -0.009814, 0.996757, -0.079871, 0.3, 0.0, 0.079875, 0.996805, 0.0, 0.0, 0.0, 0.0, 1.0]
            ]
        },
        {
            "name": "Tool_R",
            "time": [0.0, 0.1667, 0.2667, 0.3167, 0.75],
            "transform": [
                [1.0, -0.0, 0.0, 0.0, -0.0, -0.511507, -0.859279, 0.271204, 0.0, 0.859279, -0.511507, 0.0, 0.0, 0.0, 0.0, 1.0],
                [1.0, -0.0, 0.0, -0.0, 0.0, -0.89868, -0.438605, 0.271204, 0.0, 0.438606, -0.89868, -0.0, 0.0, 0.0, 0.0, 1.0],
                [1.0, -0.0, 0.0, -0.0, 0.0, -0.965428, -0.260669, 0.271204, 0.0, 0.260669, -0.965428, 0.0, 0.0, 0.0, 0.0, 1.0],
                [1.0, -0.0, 0.0, -0.0, 0.0, -0.258819, -0.965926, 0.271204, 0.0, 0.965926, -0.258819, 0.0, 0.0, 0.0, 0.0, 1.0],
                [1.0, -0.0, 0.0, 0.0, -0.0, -0.344746, -0.938696, 0.271204, 0.0, 0.938696, -0.344746, 0.0, 0.0, 0.0, 0.0, 1.0]
            ]
        },
        {
            "name": "Elbow_R",
            "time": [0.0, 0.1667, 0.75],
            "transform": [
                [-1.0, 0.0, -0.0, 0.0, 0.0, -0.0, -1.0, 0.3, -0.0, -1.0, 0.0, -0.0, 0.0, 0.0, 0.0, 1.0],
                [-1.0, 0.0, -0.0, 0.0, 0.0, -0.0, -1.0, 0.3, -0.0, -1.0, 0.0, 0.0, 0.0, 0.0, 0.0, 1.0],
                [-1.0, 0.0, -0.0, 0.0, 0.0, -0.0, -1.0, 0.3, -0.0, -1.0, 0.0, 0.0, 0.0, 0.0, 0.0, 1.0]
            ]
        },
        {
            "name": "Shoulder_L",
            "time": [0.0, 0.1667, 0.3167, 0.75],
            "transform": [
                [0.764659, -0.600187, -0.234674, 0.0, 0.030251, -0.330323, 0.943383, 0.4, -0.643725, -0.728465, -0.234428, -0.0, 0.0, 0.0, 0.0, 1.0],
                [0.569891, -0.782392, -0.25117, -0.0, -0.042348, -0.333222, 0.941897, 0.4, -0.820628, -0.526142, -0.223033, 0.0, 0.0, 0.0, 0.0, 1.0],
                [0.819726, -0.545782, -0.173698, 0.0, -0.038923, -0.355649, 0.933809, 0.4, -0.571432, -0.758707, -0.312778, 0.0, 0.0, 0.0, 0.0, 1.0],
                [0.819726, -0.545782, -0.173698, -0.0, -0.038923, -0.355649, 0.933809, 0.4, -0.571432, -0.758707, -0.312778, 0.0, 0.0, 0.0, 0.0, 1.0]
            ]
        },
        {
            "name": "Arm_L",
            "time": [0.0, 0.1667, 0.3167, 0.75],
            "transform": [
                [-0.454266, 0.839962, 0.296825, 0.0, -0.880194, -0.371762, -0.295043, 0.333802, -0.137478, -0.395292, 0.908208, -0.0, 0.0, 0.0, 0.0, 1.0],
                [-0.483822, 0.844067, -0.231231, 0.0, -0.650324, -0.523556, -0.550424, 0.333802, -0.585657, -0.115932, 0.802225, 0.0, 0.0, 0.0, 0.0, 1.0],
                [-0.408752, 0.912642, 0.002795, 0.0, -0.372351, -0.16397, -0.913493, 0.333801, -0.833232, -0.374433, 0.406846, -0.0, 0.0, 0.0, 0.0, 1.0],
                [-0.459232, 0.815468, 0.352304, 0.0, -0.625044, -0.01482, -0.780448, 0.333801, -0.63121, -0.578612, 0.51651, 0.0, 0.0, 0.0, 0.0, 1.0]
            ]
        },
        {
            "name": "Hand_L",
            "time": [0.0, 0.1667, 0.3167, 0.75],
            "transform": [
                [0.999987, 7e-05, -0.005037, -0.0, -9.3e-05, 0.999989, -0.00454, 0.3, 0.005037, 0.00454, 0.999977, 0.0, 0.0, 0.0, 0.0, 1.0],
                [0.999681, 0.00018, 0.025246, 0.0, -6.3e-05, 0.999989, -0.004632, 0.3, -0.025246, 0.004629, 0.999671, 0.0, 0.0, 0.0, 0.0, 1.0],
                [0.952962, -0.30095, 0.035949, -0.0, 0.242405, 0.685583, -0.686451, 0.3, 0.181942, 0.662877, 0.726286, -0.0, 0.0, 0.0, 0.0, 1.0],
                [0.979461, -0.19437, -0.053641, 0.0, 0.112778, 0.748616, -0.653342, 0.3, 0.167146, 0.633873, 0.75516, -0.0, 0.0, 0.0, 0.0, 1.0]
            ]
        },
        {
            "name": "Tool_L",
            "time": [0.0, 0.1667, 0.75],
            "transform": [
                [1.0, 0.000173, -0.000441, -0.0, 0.000173, -0.999999, 0.000816, 0.271204, -0.000441, -0.000816, -1.0, 0.0, 0.0, 0.0, 0.0, 1.0],
                [1.0, 0.0, 0.0, -0.0, 0.0, -1.0, 0.0, 0.271204, 0.0, -0.0, -1.0, 0.0, 0.0, 0.0, 0.0, 1.0],
                [1.0, -0.0, 0.0, 0.0, -0.0, -1.0, 0.0, 0.271204, 0.0, -0.0, -1.0, 0.0, 0.0, 0.0, 0.0, 1.0]
            ]
        },
        {
            "name": "Elbow_L",
            "time": [0.0, 0.1667, 0.75],
            "transform": [
                [-1.0, 0.0, -0.0, -0.0, 0.0, -0.0, -1.0, 0.3, -0.0, -1.0, 0.0, 0.0, 0.0, 0.0, 0.0, 1.0],
                [-1.0, 0.0, -0.0, -0.0, 0.0, -0.0, -1.0, 0.3, -0.0, -1.0, 0.0, 0.0, 0.0, 0.0, 0.0, 1.0],
                [-1.0, 0.0, -0.0, 0.0, 0.0, 0.0, -1.0, 0.3, -0.0, -1.0, 0.0, 0.0, 0.0, 0.0, 0.0, 1.0]
            ]
        }
    ]
}