{
    "animation": [
        {
            "name": "Root",
            "time": [0.0, 0.1, 0.2, 0.3, 0.7, 1.0, 1.3],
            "transform": [
                [0.565608, 0.010761, 0.824604, -5e-06, 0.804614, 0.212004, -0.554662, 0.000946, -0.180788, 0.977209, 0.111253, 0.636966, 0.0, 0.0, 0.0, 1.0],
                [0.43602, -0.025954, 0.899563, -5e-06, 0.868955, 0.272167, -0.413331, 0.337742, -0.234104, 0.9619, 0.141223, 0.514973, 0.0, 0.0, 0.0, 1.0],
                [0.410835, 9.6e-05, 0.91171, -4.4e-05, 0.891038, 0.211698, -0.401542, 0.579218, -0.193046, 0.977335, 0.086887, 0.595125, 0.0, 0.0, 0.0, 1.0],
                [0.792408, -0.035251, -0.608972, -0.031725, -0.598487, 0.148045, -0.787334, 1.230699, 0.11791, 0.988352, 0.096214, 0.636612, 0.0, 0.0, 0.0, 1.0],
                [0.349979, -0.052495, -0.935286, -8.4e-05, -0.9235, 0.148045, -0.353878, 1.300091, 0.157041, 0.987586, 0.003333, 0.675277, 0.0, 0.0, 0.0, 1.0],
                [0.031773, -0.01885, -0.999317, -3.1e-05, -0.997018, 0.069755, -0.033016, 1.303646, 0.07033, 0.997386, -0.016578, 0.709135, 0.0, 0.0, 0.0, 1.0],
                [0.662953, -0.000195, -0.748661, 2.2e-05, -0.748558, 0.016457, -0.662865, 1.513349, 0.01245, 0.999865, 0.010764, 0.742994, 0.0, 0.0, 0.0, 1.0]
            ]
        },
        {
            "name": "Thigh_R",
            "time": [0.0, 0.1, 0.3, 0.7, 1.3],
            "transform": [
                [0.688878, 0.716186, -0.111897, 0.124994, 0.523349, -0.38459, 0.76039, -0.00283, 0.501547, -0.582378, -0.639752, -1.2e-05, 0.0, 0.0, 0.0, 1.0],
                [0.941436, 0.337179, -0.00322, 0.120155, 0.220015, -0.607008, 0.763633, -0.008274, 0.255526, -0.719619, -0.645643, 0.018615, 0.0, 0.0, 0.0, 1.0],
                [0.964447, 0.203294, 0.168863, 0.124026, 0.216922, -0.973927, -0.066424, -0.003919, 0.150956, 0.100692, -0.9834, 0.003713, 0.0, 0.0, 0.0, 1.0],
                [0.964447, 0.203294, 0.168863, 0.124026, 0.216922, -0.973927, -0.066424, -0.003919, 0.150956, 0.100692, -0.9834, 0.003713, 0.0, 0.0, 0.0, 1.0],
                [0.893808, 0.2445, 0.375934, 0.124994, 0.156217, -0.955545, 0.250053, -0.00283, 0.42036, -0.164772, -0.892271, -1.2e-05, 0.0, 0.0, 0.0, 1.0]
            ]
        },
        {
            "name": "Leg_R",
            "time": [0.0, 0.1, 0.3, 0.7, 1.3],
            "transform": [
                [0.992883, 0.095879, -0.070655, 0.0, 0.038237, 0.305225, 0.951514, 0.37472, 0.112795, -0.947442, 0.299386, 0.0, 0.0, 0.0, 0.0, 1.0],
                [0.991741, 0.126837, -0.01897, -0.0, 0.008651, 0.081418, 0.996642, 0.37472, 0.127955, -0.988577, 0.079648, -0.0, 0.0, 0.0, 0.0, 1.0],
                [0.999962, -0.007315, -0.004751, 0.0, 0.008723, 0.838436, 0.54493, 0.37472, -3e-06, -0.54495, 0.838468, -0.0, 0.0, 0.0, 0.0, 1.0],
                [0.999962, -0.007315, -0.004751, 0.0, 0.008723, 0.838436, 0.54493, 0.37472, -3e-06, -0.544949, 0.838468, -0.0, 0.0, 0.0, 0.0, 1.0],
                [0.999963, -0.008387, -0.002396, 0.0, 0.008723, 0.961411, 0.274989, 0.37472, -2e-06, -0.274999, 0.961443, -0.0, 0.0, 0.0, 0.0, 1.0]
            ]
        },
        {
            "name": "Knee_R",
            "time": [0.0, 0.1, 0.3, 0.7, 1.3],
            "transform": [
                [0.998029, 0.036453, -0.051084, 0.0, -0.062753, 0.588562, -0.806013, 0.37472, 0.000684, 0.807629, 0.58969, 0.0, 0.0, 0.0, 0.0, 1.0],
                [0.997618, 0.059817, -0.034356, -0.0, -0.065791, 0.67535, -0.734557, 0.37472, -0.020737, 0.735067, 0.677677, -0.0, 0.0, 0.0, 0.0, 1.0],
                [0.99999, -0.004, -0.00185, 0.0, -0.000637, 0.284195, -0.958766, 0.37472, 0.004361, 0.958758, 0.284189, -0.0, 0.0, 0.0, 0.0, 1.0],
                [0.99999, -0.004, -0.00185, -0.0, -0.000637, 0.284195, -0.958766, 0.37472, 0.004362, 0.958758, 0.284189, 0.0, 0.0, 0.0, 0.0, 1.0],
                [0.999991, -0.004276, -0.000911, 0.0, -0.000309, 0.138846, -0.990314, 0.37472, 0.004362, 0.990305, 0.138843, -0.0, 0.0, 0.0, 0.0, 1.0]
            ]
        },
        {
            "name": "Thigh_L",
            "time": [0.0, 0.1, 0.3, 0.7, 1.3],
            "transform": [
                [0.881447, -0.334995, 0.332909, -0.137632, -0.468886, -0.70511, 0.531944, -0.007071, 0.056539, -0.624977, -0.778592, 0.014908, 0.0, 0.0, 0.0, 1.0],
                [0.956599, -0.062766, 0.284568, -0.125006, -0.231209, -0.757862, 0.610071, -0.00283, 0.177372, -0.649387, -0.739483, -1.2e-05, 0.0, 0.0, 0.0, 1.0],
                [0.964237, -0.16936, 0.203879, -0.13109, -0.265045, -0.620568, 0.737989, -0.002806, 0.001535, -0.765632, -0.643261, 0.002101, 0.0, 0.0, 0.0, 1.0],
                [0.964237, -0.16936, 0.203879, -0.13109, -0.265045, -0.620568, 0.737989, -0.002806, 0.001535, -0.765632, -0.643261, 0.002101, 0.0, 0.0, 0.0, 1.0],
                [0.724952, -0.233361, -0.648064, -0.125006, -0.015732, -0.946225, 0.323126, -0.002831, -0.688619, -0.224056, -0.689639, -1.2e-05, 0.0, 0.0, 0.0, 1.0]
            ]
        },
        {
            "name": "Leg_L",
            "time": [0.0, 0.1, 0.3, 0.7, 1.3],
            "transform": [
                [0.994334, 0.06749, 0.082148, 0.0, -0.105337, 0.520684, 0.847226, 0.37472, 0.014406, -0.851077, 0.524842, -0.0, 0.0, 0.0, 0.0, 1.0],
                [0.999211, -0.028761, 0.027394, -0.0, -0.014046, 0.38925, 0.921025, 0.37472, -0.037153, -0.920683, 0.388539, 0.0, 0.0, 0.0, 0.0, 1.0],
                [0.999997, 0.0, 2e-06, -0.0, -1e-06, 0.761974, 0.647623, 0.37472, -1e-06, -0.647623, 0.761974, -0.0, 0.0, 0.0, 0.0, 1.0],
                [0.999997, 0.0, 2e-06, -0.0, -1e-06, 0.761974, 0.647623, 0.37472, -1e-06, -0.647623, 0.761974, 0.0, 0.0, 0.0, 0.0, 1.0],
                [1.000001, 0.0, 1e-06, -0.0, -1e-06, 0.945214, 0.326449, 0.37472, -1e-06, -0.326449, 0.945215, -0.0, 0.0, 0.0, 0.0, 1.0]
            ]
        },
        {
            "name": "Knee_L",
            "time": [0.0, 0.1, 0.3, 0.7, 1.3],
            "transform": [
                [0.998486, 0.044509, 0.032321, -0.0, 0.006528, 0.487549, -0.873071, 0.37472, -0.054617, 0.871961, 0.48652, -0.0, 0.0, 0.0, 0.0, 1.0],
                [0.999785, -0.010252, 0.018034, -0.0, 0.020696, 0.552544, -0.833227, 0.37472, -0.001422, 0.83342, 0.552637, -0.0, 0.0, 0.0, 0.0, 1.0],
                [1.0, 1e-06, -1e-06, -0.0, -1e-06, 0.344989, -0.938606, 0.37472, -0.0, 0.938607, 0.344989, -0.0, 0.0, 0.0, 0.0, 1.0],
                [1.0, 1e-06, -1e-06, -0.0, -1e-06, 0.34499, -0.938607, 0.37472, -0.0, 0.938607, 0.344989, 0.0, 0.0, 0.0, 0.0, 1.0],
                [1.0, 0.0, -1e-06, -0.0, -1e-06, 0.165509, -0.986209, 0.37472, -0.0, 0.986209, 0.165509, -0.0, 0.0, 0.0, 0.0, 1.0]
            ]
        },
        {
            "name": "Torso",
            "time": [0.0, 0.1, 0.2, 0.3, 0.7, 1.3],
            "transform": [
                [0.993689, 0.112123, -0.003372, -0.0, -0.112173, 0.99324, -0.029868, 0.05, 0.0, 0.030058, 0.999548, 0.0, 0.0, 0.0, 0.0, 1.0],
                [0.992292, 0.123031, -0.014835, 0.0, -0.123923, 0.985157, -0.118783, 0.05, 0.0, 0.119706, 0.99281, -0.0, 0.0, 0.0, 0.0, 1.0],
                [0.999813, 0.019312, -6.4e-05, -0.0, -0.019312, 0.999808, -0.003292, 0.05, 0.0, 0.003293, 0.999995, -0.0, 0.0, 0.0, 0.0, 1.0],
                [0.996923, -0.077942, -0.008365, 0.0, 0.078389, 0.991231, 0.106378, 0.05, 1e-06, -0.106706, 0.994291, -0.0, 0.0, 0.0, 0.0, 1.0],
                [0.995415, -0.095484, -0.005679, 0.0, 0.095653, 0.99366, 0.059092, 0.05, 1e-06, -0.059364, 0.998236, -0.0, 0.0, 0.0, 0.0, 1.0],
                [1.0, 0.0, -0.0, -0.0, -0.0, 1.0, -0.0, 0.05, 1e-06, 0.0, 1.0, -0.0, 0.0, 0.0, 0.0, 1.0]
            ]
        },
        {
            "name": "Chest",
            "time": [0.0, 0.1, 0.2, 0.3, 0.7, 1.3],
            "transform": [
                [0.965701, -0.017641, 0.259058, 0.0, -0.004029, 0.996551, 0.08288, 0.35, -0.259626, -0.081081, 0.962299, -0.0, 0.0, 0.0, 0.0, 1.0],
                [0.486364, -0.331392, 0.808474, 0.0, -0.133244, 0.886333, 0.443464, 0.35, -0.863536, -0.323409, 0.386925, 0.0, 0.0, 0.0, 0.0, 1.0],
                [0.963068, -0.112836, 0.244475, -0.0, 0.049812, 0.966948, 0.250062, 0.35, -0.264611, -0.228649, 0.936857, 0.0, 0.0, 0.0, 0.0, 1.0],
                [0.965922, -0.002471, -0.258823, 0.0, 0.003706, 0.999984, 0.004286, 0.35, 0.258809, -0.0051, 0.965915, 0.0, 0.0, 0.0, 0.0, 1.0],
                [0.965921, -0.002471, -0.258823, 0.0, 0.003706, 0.999984, 0.004286, 0.35, 0.258809, -0.0051, 0.965915, 0.0, 0.0, 0.0, 0.0, 1.0],
                [1.0, -0.000232, 0.000874, -0.0, 0.000237, 0.99998, -0.006224, 0.35, -0.000872, 0.006224, 0.999981, -0.0, 0.0, 0.0, 0.0, 1.0]
            ]
        },
        {
            "name": "Head",
            "time": [0.0, 0.1, 0.2, 0.3, 0.7, 1.3],
            "transform": [
                [0.80982, -0.193997, -0.553676, 0.0, 0.181765, 0.980274, -0.077615, 0.35, 0.557812, -0.037785, 0.829107, -0.0, 0.0, 0.0, 0.0, 1.0],
                [0.170611, -0.004515, -0.985329, 0.0, -0.194395, 0.980181, -0.038151, 0.35, 0.965972, 0.198052, 0.16635, -0.0, 0.0, 0.0, 0.0, 1.0],
                [0.611789, -0.053861, -0.789185, 0.0, -0.121979, 0.979322, -0.161399, 0.35, 0.781559, 0.195006, 0.592569, -0.0, 0.0, 0.0, 0.0, 1.0],
                [0.886129, 0.019342, 0.463035, -0.0, -0.02202, 0.999757, 0.00038, 0.35, -0.462916, -0.010533, 0.88634, -0.0, 0.0, 0.0, 0.0, 1.0],
                [0.445188, -0.054136, 0.893799, 0.0, -0.091125, 0.990249, 0.105366, 0.35, -0.890788, -0.128355, 0.435914, -0.0, 0.0, 0.0, 0.0, 1.0],
                [0.663605, 0.012678, 0.747976, 0.0, -0.005009, 0.999909, -0.012504, 0.35, -0.748066, 0.004552, 0.663608, -0.0, 0.0, 0.0, 0.0, 1.0]
            ]
        },
        {
            "name": "Shoulder_R",
            "time": [0.0, 0.1, 0.2, 0.3, 0.7, 1.3],
            "transform": [
                [0.127368, 0.973586, 0.18949, 0.0, -0.079926, -0.180351, 0.980349, 0.35, 0.988633, -0.14001, 0.054844, -0.0, 0.0, 0.0, 0.0, 1.0],
                [0.465675, 0.880844, 0.085219, 0.0, -0.190113, 0.005525, 0.981748, 0.35, 0.864298, -0.473374, 0.170033, -0.0, 0.0, 0.0, 0.0, 1.0],
                [0.148481, 0.981527, -0.120659, 0.0, 0.008133, 0.120796, 0.992645, 0.35, 0.988884, -0.14837, 0.009954, -0.0, 0.0, 0.0, 0.0, 1.0],
                [0.151849, 0.920609, 0.359753, -0.0, -0.117522, -0.344575, 0.931374, 0.35, 0.981393, -0.183707, 0.055869, -0.0, 0.0, 0.0, 0.0, 1.0],
                [0.151849, 0.920609, 0.359753, 0.0, -0.117522, -0.344575, 0.931374, 0.35, 0.981393, -0.183707, 0.055869, -0.0, 0.0, 0.0, 0.0, 1.0],
                [-1e-06, 0.965965, 0.258674, 0.0, -3e-06, -0.258674, 0.965965, 0.35, 1.0, -0.0, 3e-06, -0.0, 0.0, 0.0, 0.0, 1.0]
            ]
        },
        {
            "name": "Arm_R",
            "time": [0.0, 0.1, 0.2, 0.3, 0.7, 1.0, 1.3],
            "transform": [
                [-0.460021, -0.779309, -0.425503, 0.0, 0.551101, 0.125141, -0.825004, 0.388213, 0.696184, -0.614014, 0.371909, -0.0, 0.0, 0.0, 0.0, 1.0],
                [-0.383571, -0.76793, -0.512984, -0.0, 0.182848, 0.481323, -0.857259, 0.388213, 0.90523, -0.422618, -0.044208, 0.0, 0.0, 0.0, 0.0, 1.0],
                [-0.12444, -0.896754, -0.424667, 0.0, 0.011781, 0.426628, -0.904354, 0.388213, 0.992158, -0.11754, -0.042525, -0.0, 0.0, 0.0, 0.0, 1.0],
                [0.005311, 0.528006, -0.849223, 0.0, -0.361876, 0.792689, 0.490596, 0.388213, 0.932208, 0.304708, 0.195283, -0.0, 0.0, 0.0, 0.0, 1.0],
                [-0.006178, 0.220813, -0.975296, -0.0, -0.320799, 0.923324, 0.211079, 0.388213, 0.947124, 0.314178, 0.065132, 0.0, 0.0, 0.0, 0.0, 1.0],
                [0.12806, -0.006406, -0.991745, -0.0, -0.02569, 0.999621, -0.009774, 0.388213, 0.991431, 0.02673, 0.127848, 0.0, 0.0, 0.0, 0.0, 1.0],
                [0.090481, 0.11896, -0.988769, -0.0, 0.835352, 0.531487, 0.140386, 0.388213, 0.542218, -0.838671, -0.051285, -0.0, 0.0, 0.0, 0.0, 1.0]
            ]
        },
        {
            "name": "Hand_R",
            "time": [0.0, 0.1, 0.2, 0.3, 0.7, 1.3],
            "transform": [
                [0.999998, 0.0, 0.0, 0.0, -0.0, 0.996082, -0.088444, 0.329779, -0.0, 0.088443, 0.996081, 0.0, 0.0, 0.0, 0.0, 1.0],
                [0.999952, -0.009621, 0.001206, 0.0, 0.009505, 0.94801, -0.318096, 0.329779, 0.001917, 0.318094, 0.948055, -0.0, 0.0, 0.0, 0.0, 1.0],
                [0.999999, 0.0, 0.0, -0.0, -0.0, 0.999992, -0.004291, 0.329779, -0.0, 0.004291, 0.999987, 0.0, 0.0, 0.0, 0.0, 1.0],
                [1.000004, 0.0, 0.0, 0.0, -0.0, 0.990889, -0.134701, 0.329779, -0.0, 0.134701, 0.990885, -0.0, 0.0, 0.0, 0.0, 1.0],
                [1.000004, 0.0, 0.0, -0.0, -0.0, 0.990889, -0.134701, 0.329779, -0.0, 0.134701, 0.990885, -0.0, 0.0, 0.0, 0.0, 1.0],
                [1.0, 0.0, -0.0, -0.0, -0.0, 0.970503, -0.24109, 0.329779, -0.0, 0.241089, 0.970502, 0.0, 0.0, 0.0, 0.0, 1.0]
            ]
        },
        {
            "name": "Tool_R",
            "time": [0.0, 0.1, 0.3, 0.7, 1.3],
            "transform": [
                [0.999986, -0.005418, -0.000572, -0.02, -0.005315, -0.947061, -0.321008, 0.291425, 0.001198, 0.321007, -0.947079, -0.0, 0.0, 0.0, 0.0, 1.0],
                [0.999074, 0.040732, 0.013838, -0.01914, 0.037847, -0.67932, -0.732865, 0.273645, -0.020451, 0.732715, -0.680235, 0.009117, 0.0, 0.0, 0.0, 1.0],
                [0.999987, 0.004968, 7.5e-05, -0.019901, 0.0045, -0.899101, -0.437715, 0.273452, -0.002107, 0.437707, -0.899119, 0.00875, 0.0, 0.0, 0.0, 1.0],
                [0.999987, 0.004968, 7.5e-05, -0.019901, 0.0045, -0.899101, -0.437714, 0.273452, -0.002107, 0.437707, -0.899119, 0.00875, 0.0, 0.0, 0.0, 1.0],
                [1.0, -0.0, 0.0, -0.02, -0.0, -0.925372, -0.379061, 0.291425, 0.0, 0.379061, -0.925372, -0.0, 0.0, 0.0, 0.0, 1.0]
            ]
        },
        {
            "name": "Elbow_R",
            "time": [0.0, 0.1, 0.3, 0.7, 1.3],
            "transform": [
                [-0.999998, 0.0, -0.0, 0.0, 0.0, 0.05505, -0.998484, 0.329779, -0.0, -0.998483, -0.05505, 0.0, 0.0, 0.0, 0.0, 1.0],
                [-0.999998, 0.0, -0.0, 0.0, 0.0, 0.1718, -0.985132, 0.329779, -0.0, -0.985132, -0.171801, -0.0, 0.0, 0.0, 0.0, 1.0],
                [-1.000003, 0.0, -0.0, 0.0, 0.0, 0.076266, -0.99709, 0.329779, -0.0, -0.997087, -0.076267, 0.0, 0.0, 0.0, 0.0, 1.0],
                [-1.000003, 0.0, -1e-06, 0.0, 0.0, 0.076267, -0.99709, 0.329779, -0.0, -0.997087, -0.076266, -0.0, 0.0, 0.0, 0.0, 1.0],
                [-1.0, 0.0, -0.0, -0.0, 1e-06, 0.121444, -0.992599, 0.329779, -0.0, -0.992597, -0.121444, 0.0, 0.0, 0.0, 0.0, 1.0]
            ]
        },
        {
            "name": "Shoulder_L",
            "time": [0.0, 0.1, 0.3, 0.7, 1.3],
            "transform": [
                [0.0, -0.952332, -0.305064, 0.0, -0.0, -0.305064, 0.952332, 0.35, -1.0, -0.0, -0.0, -0.0, 0.0, 0.0, 0.0, 1.0],
                [-0.100994, -0.902565, -0.418541, 0.0, 0.007414, -0.421363, 0.906862, 0.35, -0.994859, 0.088485, 0.049246, -0.0, 0.0, 0.0, 0.0, 1.0],
                [-0.140568, -0.91949, -0.367122, -0.0, -0.031275, -0.366494, 0.929895, 0.35, -0.989577, 0.142195, 0.02276, -0.0, 0.0, 0.0, 0.0, 1.0],
                [-0.140568, -0.919489, -0.367122, 0.0, -0.031275, -0.366494, 0.929895, 0.35, -0.989576, 0.142195, 0.02276, -0.0, 0.0, 0.0, 0.0, 1.0],
                [0.0, -0.965965, -0.258673, 0.0, -0.0, -0.258673, 0.965965, 0.35, -1.0, -0.0, -0.0, -0.0, 0.0, 0.0, 0.0, 1.0]
            ]
        },
        {
            "name": "Arm_L",
            "time": [0.0, 0.1, 0.3, 0.7, 1.3],
            "transform": [
                [-0.634362, 0.769524, 0.073606, -0.0, -0.071061, 0.036765, -0.996794, 0.388212, -0.769763, -0.637559, 0.031361, -0.0, 0.0, 0.0, 0.0, 1.0],
                [-0.339048, 0.872394, -0.352099, -0.0, 0.19972, -0.298988, -0.933123, 0.388212, -0.919325, -0.386695, -0.072864, -0.0, 0.0, 0.0, 0.0, 1.0],
                [0.110825, -0.568337, 0.815298, 0.0, -0.364478, 0.739952, 0.565358, 0.388212, -0.924593, -0.359814, -0.125141, 0.0, 0.0, 0.0, 0.0, 1.0],
                [0.454627, -0.774178, 0.440413, 0.0, -0.250349, 0.363464, 0.897341, 0.388212, -0.854774, -0.518212, -0.028576, -0.0, 0.0, 0.0, 0.0, 1.0],
                [-0.093881, -0.171431, 0.980713, -0.0, -0.896813, 0.442327, -0.00853, 0.388212, -0.432334, -0.880317, -0.195267, 0.0, 0.0, 0.0, 0.0, 1.0]
            ]
        },
        {
            "name": "Hand_L",
            "time": [0.0, 0.1, 0.3, 0.7, 1.3],
            "transform": [
                [0.594972, 0.259061, -0.760852, -0.0, -0.761388, 0.484918, -0.430282, 0.329779, 0.257482, 0.835309, 0.485759, 0.0, 0.0, 0.0, 0.0, 1.0],
                [0.17549, -0.148348, -0.97324, 0.0, -0.567939, 0.792239, -0.223166, 0.329779, 0.804146, 0.591903, 0.054777, -0.0, 0.0, 0.0, 0.0, 1.0],
                [1.0, 1e-06, -0.0, -0.0, -0.0, 0.286337, -0.958128, 0.329779, -1e-06, 0.958129, 0.286337, -0.0, 0.0, 0.0, 0.0, 1.0],
                [1.0, 1e-06, -0.0, -0.0, -0.0, 0.286337, -0.958128, 0.329779, -1e-06, 0.958129, 0.286337, 0.0, 0.0, 0.0, 0.0, 1.0],
                [1.0, 0.0, 0.0, -0.0, -0.0, 0.984029, -0.178011, 0.329779, -0.0, 0.178011, 0.984028, -0.0, 0.0, 0.0, 0.0, 1.0]
            ]
        },
        {
            "name": "Tool_L",
            "time": [0.0, 0.1, 0.3, 0.7, 1.3],
            "transform": [
                [1.0, 3.3e-05, -8.3e-05, 0.02, 3.3e-05, -1.0, 0.000154, 0.291426, -8.3e-05, -0.000154, -1.0, -0.0, 0.0, 0.0, 0.0, 1.0],
                [0.999997, 0.0, 0.0, 0.02, 0.0, -1.0, -0.0, 0.291426, 0.0, 0.0, -1.0, 0.0, 0.0, 0.0, 0.0, 1.0],
                [1.0, 0.0, 0.0, 0.02, 0.0, -1.0, -0.0, 0.291426, 0.0, 0.0, -1.000001, -0.0, 0.0, 0.0, 0.0, 1.0],
                [1.0, 0.0, 0.0, 0.02, 0.0, -1.0, -0.0, 0.291426, 0.0, -0.0, -1.000001, 0.0, 0.0, 0.0, 0.0, 1.0],
                [1.0, -0.0, 0.0, 0.014211, 0.0, -1.0, 0.0, 0.23007, 0.0, -0.0, -1.0, 0.063071, 0.0, 0.0, 0.0, 1.0]
            ]
        },
        {
            "name": "Elbow_L",
            "time": [0.0, 0.1, 0.3, 0.7, 1.3],
            "transform": [
                [-1.0, -0.0, -0.0, -0.0, 0.0, 0.498644, -0.866807, 0.329779, 0.0, -0.866807, -0.498643, 0.0, 0.0, 0.0, 0.0, 1.0],
                [-1.000001, 0.0, -0.0, 0.0, 1e-06, 0.67374, -0.73897, 0.329779, 0.0, -0.738969, -0.67374, -0.0, 0.0, 0.0, 0.0, 1.0],
                [-1.0, -0.0, -0.0, -0.0, 1e-06, 0.597353, -0.801977, 0.329779, 0.0, -0.801978, -0.597353, -0.0, 0.0, 0.0, 0.0, 1.0],
                [-1.0, 0.0, -0.0, -0.0, 0.0, 0.597353, -0.801977, 0.329779, 0.0, -0.801979, -0.597353, -0.0, 0.0, 0.0, 0.0, 1.0],
                [-1.0, -0.0, -0.0, -0.0, 0.0, 0.089363, -0.995999, 0.329779, 0.0, -0.995999, -0.089363, -0.0, 0.0, 0.0, 0.0, 1.0]
            ]
        }
    ]
}