{
    "animation": [
        {
            "name": "Root",
            "time": [0.0, 0.0833, 0.3333, 0.35, 0.3667, 0.5, 0.7167, 1.0],
            "transform": [
                [-0.827628, 0.034814, -0.560196, -5e-06, -0.554858, -0.201258, 0.807234, 0.000947, -0.084641, 0.978919, 0.185884, 0.536535, 0.0, 0.0, 0.0, 1.0],
                [-0.995531, -0.013687, -0.093438, -5e-06, -0.089526, -0.17807, 0.979937, 0.400947, -0.030051, 0.983923, 0.176048, 0.536535, 0.0, 0.0, 0.0, 1.0],
                [0.010354, -0.030658, 0.999476, -5e-06, 0.99991, -0.008256, -0.010611, 0.400947, 0.008577, 0.999496, 0.03057, 0.448299, 0.0, 0.0, 0.0, 1.0],
                [0.111189, -0.022363, 0.993548, -5e-06, 0.993796, -2e-05, -0.111217, 0.400947, 0.002507, 0.99975, 0.022222, 0.442417, 0.0, 0.0, 0.0, 1.0],
                [0.20655, -0.013687, 0.97834, -5e-06, 0.978428, 0.007039, -0.206469, 0.400947, -0.00406, 0.999882, 0.014846, 0.436535, 0.0, 0.0, 0.0, 1.0],
                [0.986964, -0.013116, -0.160404, -5e-06, -0.160327, 0.006739, -0.987041, 0.600946, 0.014027, 0.999891, 0.004548, 0.536535, 0.0, 0.0, 0.0, 1.0],
                [0.951021, -0.013687, -0.308824, -5e-06, -0.308753, 0.007039, -0.951116, 0.600946, 0.015192, 0.999882, 0.002468, 0.536535, 0.0, 0.0, 0.0, 1.0],
                [0.869166, -0.013687, -0.494331, -5e-06, -0.494281, 0.007039, -0.869274, 0.600946, 0.015378, 0.999882, -0.000648, 0.536535, 0.0, 0.0, 0.0, 1.0]
            ]
        },
        {
            "name": "Thigh_R",
            "time": [0.0, 0.0833, 0.3333, 0.35, 0.3667, 0.4333, 0.5, 0.7167, 1.0],
            "transform": [
                [0.890073, 0.333995, 0.310185, 0.124994, -0.114573, -0.494721, 0.861465, -0.00283, 0.441181, -0.802306, -0.402072, -1.2e-05, 0.0, 0.0, 0.0, 1.0],
                [0.993533, -0.107535, 0.036411, 0.124994, -0.107534, -0.788481, 0.605583, -0.00283, -0.036412, -0.605583, -0.794946, -1.2e-05, 0.0, 0.0, 0.0, 1.0],
                [0.848996, 0.498498, -0.175226, 0.124994, 0.498498, -0.64566, 0.578465, -0.00283, 0.175227, -0.578465, -0.796663, -1.2e-05, 0.0, 0.0, 0.0, 1.0],
                [0.824909, 0.533127, -0.187882, 0.124994, 0.533127, -0.623299, 0.572077, -0.00283, 0.187883, -0.572077, -0.79839, -1.2e-05, 0.0, 0.0, 0.0, 1.0],
                [0.799418, 0.566455, -0.200145, 0.124994, 0.566455, -0.599708, 0.565224, -0.00283, 0.200146, -0.565224, -0.800289, -1.2e-05, 0.0, 0.0, 0.0, 1.0],
                [0.967034, 0.222411, -0.124004, 0.124994, 0.22241, -0.500567, 0.836639, -0.00283, 0.124005, -0.836639, -0.533532, -1.2e-05, 0.0, 0.0, 0.0, 1.0],
                [0.999701, -0.021118, 0.012277, 0.124994, -0.021119, -0.494612, 0.868856, -0.00283, -0.012276, -0.868856, -0.494911, -1.2e-05, 0.0, 0.0, 0.0, 1.0],
                [0.994493, -0.090772, 0.052371, 0.124994, -0.090772, -0.496397, 0.863335, -0.00283, -0.05237, -0.863335, -0.501904, -1.2e-05, 0.0, 0.0, 0.0, 1.0],
                [0.971633, -0.230935, -0.050956, 0.124994, -0.069033, -0.483048, 0.872867, -0.00283, -0.22619, -0.84459, -0.485288, -1.2e-05, 0.0, 0.0, 0.0, 1.0]
            ]
        },
        {
            "name": "Leg_R",
            "time": [0.0, 0.0833, 0.3333, 0.35, 0.3667, 0.4333, 0.5, 0.7167, 1.0],
            "transform": [
                [0.999963, -0.002215, -0.008437, -0.0, 0.008723, 0.253608, 0.96727, 0.37472, -2e-06, -0.967305, 0.253618, -0.0, 0.0, 0.0, 0.0, 1.0],
                [0.999964, -0.000986, -0.008667, 0.0, 0.008723, 0.112746, 0.993587, 0.37472, -2e-06, -0.993625, 0.11275, 0.0, 0.0, 0.0, 0.0, 1.0],
                [0.999963, -0.001388, -0.008611, -0.0, 0.008723, 0.158852, 0.987264, 0.37472, -2e-06, -0.987301, 0.158858, 0.0, 0.0, 0.0, 0.0, 1.0],
                [0.999963, -0.001415, -0.008607, -0.0, 0.008723, 0.161914, 0.986766, 0.37472, -3e-06, -0.986804, 0.16192, 0.0, 0.0, 0.0, 0.0, 1.0],
                [0.999962, -0.001442, -0.008603, 0.0, 0.008723, 0.164975, 0.986259, 0.37472, -2e-06, -0.986296, 0.164981, -0.0, 0.0, 0.0, 0.0, 1.0],
                [0.999962, -0.003484, -0.007997, 0.0, 0.008723, 0.399094, 0.916869, 0.37472, -3e-06, -0.916904, 0.399109, 0.0, 0.0, 0.0, 0.0, 1.0],
                [0.999962, -0.003337, -0.008059, 0.0, 0.008723, 0.38227, 0.924009, 0.37472, -2e-06, -0.924045, 0.382285, -0.0, 0.0, 0.0, 0.0, 1.0],
                [0.999963, -0.003788, -0.007857, 0.0, 0.008723, 0.434019, 0.900862, 0.37472, -3e-06, -0.900896, 0.434036, -0.0, 0.0, 0.0, 0.0, 1.0],
                [0.999962, -0.003374, -0.008043, -0.0, 0.008723, 0.386579, 0.922216, 0.37472, -3e-06, -0.922251, 0.386593, -0.0, 0.0, 0.0, 0.0, 1.0]
            ]
        },
        {
            "name": "Knee_R",
            "time": [0.0, 0.0833, 0.3333, 0.35, 0.3667, 0.5, 0.7167, 1.0],
            "transform": [
                [0.999989, -0.002542, -0.003846, 0.0, -0.001492, 0.610894, -0.791711, 0.37472, 0.004361, 0.791708, 0.610884, 0.0, 0.0, 0.0, 0.0, 1.0],
                [0.999989, -0.002142, -0.00415, 0.0, -0.001669, 0.666052, -0.745903, 0.37472, 0.004361, 0.745903, 0.666041, 0.0, 0.0, 0.0, 0.0, 1.0],
                [0.999977, -0.002235, -0.006414, -0.0, -0.001196, 0.871596, -0.490224, 0.37472, 0.006687, 0.490221, 0.871573, 0.0, 0.0, 0.0, 0.0, 1.0],
                [0.999989, -0.002284, -0.004048, 0.0, -0.001607, 0.647333, -0.762205, 0.37472, 0.004361, 0.762204, 0.647323, 0.0, 0.0, 0.0, 0.0, 1.0],
                [0.999989, -0.002293, -0.004041, 0.0, -0.001603, 0.64615, -0.763209, 0.37472, 0.004361, 0.763207, 0.64614, 0.0, 0.0, 0.0, 0.0, 1.0],
                [0.99999, -0.002888, -0.003528, 0.0, -0.001328, 0.555751, -0.831348, 0.37472, 0.004361, 0.831344, 0.555741, -0.0, 0.0, 0.0, 0.0, 1.0],
                [0.99999, -0.003022, -0.003388, -0.0, -0.001261, 0.531962, -0.846768, 0.37472, 0.004362, 0.846763, 0.531953, 0.0, 0.0, 0.0, 0.0, 1.0],
                [0.99999, -0.002899, -0.003517, 0.0, -0.001323, 0.553809, -0.832643, 0.37472, 0.004362, 0.832639, 0.5538, -0.0, 0.0, 0.0, 0.0, 1.0]
            ]
        },
        {
            "name": "Thigh_L",
            "time": [0.0, 0.0833, 0.3333, 0.35, 0.3667, 0.4333, 0.5, 0.7167, 1.0],
            "transform": [
                [0.998736, -0.045809, 0.020663, -0.125006, -0.045809, -0.660827, 0.749139, -0.00283, -0.020663, -0.749139, -0.66209, -1.2e-05, 0.0, 0.0, 0.0, 1.0],
                [0.999833, 0.014763, -0.010658, -0.125006, 0.014763, -0.314591, 0.949112, -0.00283, 0.010659, -0.949112, -0.314757, -1.2e-05, 0.0, 0.0, 0.0, 1.0],
                [0.892144, -0.388078, 0.231244, -0.125006, -0.388077, -0.396353, 0.832046, -0.00283, -0.231244, -0.832045, -0.504208, -1.2e-05, 0.0, 0.0, 0.0, 1.0],
                [0.87719, -0.41395, 0.243274, -0.125006, -0.41395, -0.395286, 0.819997, -0.00283, -0.243275, -0.819996, -0.518096, -1.2e-05, 0.0, 0.0, 0.0, 1.0],
                [0.861413, -0.439441, 0.254672, -0.125006, -0.439441, -0.393415, 0.807537, -0.00283, -0.254673, -0.807537, -0.532001, -1.2e-05, 0.0, 0.0, 0.0, 1.0],
                [0.939541, -0.340056, 0.040299, -0.125006, -0.340056, -0.912678, 0.226672, -0.00283, -0.040301, -0.226672, -0.973137, -1.2e-05, 0.0, 0.0, 0.0, 1.0],
                [0.999951, 0.009587, 0.002337, -0.125006, 0.009586, -0.887739, -0.460246, -0.00283, -0.002338, 0.460246, -0.887788, -1.2e-05, 0.0, 0.0, 0.0, 1.0],
                [0.987815, 0.098324, -0.120636, -0.125006, 0.004166, -0.791574, -0.611058, -0.00283, -0.155574, 0.60311, -0.782339, -1.2e-05, 0.0, 0.0, 0.0, 1.0],
                [0.951359, 0.015417, -0.307697, -0.125006, -0.069995, -0.961812, -0.264606, -0.00283, -0.300026, 0.273272, -0.913951, -1.2e-05, 0.0, 0.0, 0.0, 1.0]
            ]
        },
        {
            "name": "Leg_L",
            "time": [0.0, 0.0833, 0.3333, 0.35, 0.3667, 0.4333, 0.5, 0.7167, 1.0],
            "transform": [
                [1.000002, -1e-06, 1e-06, -0.0, -1e-06, 0.222487, 0.974936, 0.37472, -1e-06, -0.974936, 0.222486, -0.0, 0.0, 0.0, 0.0, 1.0],
                [1.000002, -0.0, 1e-06, 0.0, -1e-06, 0.394694, 0.918813, 0.37472, -1e-06, -0.918813, 0.394693, -0.0, 0.0, 0.0, 0.0, 1.0],
                [1.000001, -1e-06, 1e-06, 0.0, -1e-06, 0.102288, 0.994755, 0.37472, -1e-06, -0.994755, 0.102288, 0.0, 0.0, 0.0, 0.0, 1.0],
                [1.0, -1e-06, 1e-06, 0.0, -1e-06, 0.082218, 0.996615, 0.37472, -1e-06, -0.996615, 0.082218, -0.0, 0.0, 0.0, 0.0, 1.0],
                [1.000001, -1e-06, 1e-06, -0.0, -1e-06, 0.062144, 0.998067, 0.37472, -1e-06, -0.998067, 0.062144, 0.0, 0.0, 0.0, 0.0, 1.0],
                [1.000001, -1e-06, 2e-06, -0.0, -1e-06, 0.394154, 0.919045, 0.37472, -1e-06, -0.919045, 0.394154, 0.0, 0.0, 0.0, 0.0, 1.0],
                [1.000001, 0.0, 1e-06, 0.0, -1e-06, 0.843795, 0.536667, 0.37472, -1e-06, -0.536667, 0.843795, 0.0, 0.0, 0.0, 0.0, 1.0],
                [1.000001, 1e-06, 1e-06, -0.0, -1e-06, 0.977373, 0.211529, 0.37472, -1e-06, -0.211529, 0.977372, -0.0, 0.0, 0.0, 0.0, 1.0],
                [1.000002, 0.0, 2e-06, 0.0, -1e-06, 0.683806, 0.729665, 0.37472, -1e-06, -0.729665, 0.683805, -0.0, 0.0, 0.0, 0.0, 1.0]
            ]
        },
        {
            "name": "Knee_L",
            "time": [0.0, 0.0833, 0.3333, 0.35, 0.3667, 0.5, 0.7167, 1.0],
            "transform": [
                [1.0, 1e-06, -1e-06, -0.0, -1e-06, 0.623504, -0.78182, 0.37472, -0.0, 0.781819, 0.623504, -0.0, 0.0, 0.0, 0.0, 1.0],
                [1.0, 1e-06, -1e-06, -0.0, -1e-06, 0.55014, -0.835072, 0.37472, -0.0, 0.835072, 0.55014, -0.0, 0.0, 0.0, 0.0, 1.0],
                [1.0, 1e-06, -0.0, 0.0, -2e-06, 0.891772, -0.452484, 0.37472, -1e-06, 0.452484, 0.891772, 0.0, 0.0, 0.0, 0.0, 1.0],
                [1.0, 1e-06, -1e-06, 0.0, -1e-06, 0.677416, -0.7356, 0.37472, -0.0, 0.7356, 0.677416, -0.0, 0.0, 0.0, 0.0, 1.0],
                [1.0, 1e-06, -1e-06, -0.0, -1e-06, 0.684784, -0.728746, 0.37472, -0.0, 0.728746, 0.684784, -0.0, 0.0, 0.0, 0.0, 1.0],
                [1.0, 1e-06, -1e-06, -0.0, -1e-06, 0.27947, -0.960154, 0.37472, -0.0, 0.960154, 0.27947, 0.0, 0.0, 0.0, 0.0, 1.0],
                [1.0, 1e-06, -1e-06, -0.0, -1e-06, 0.106369, -0.994327, 0.37472, -0.0, 0.994327, 0.106369, 0.0, 0.0, 0.0, 0.0, 1.0],
                [1.0, 1e-06, -1e-06, 0.0, -1e-06, 0.397616, -0.917552, 0.37472, -0.0, 0.917552, 0.397616, -0.0, 0.0, 0.0, 0.0, 1.0]
            ]
        },
        {
            "name": "Torso",
            "time": [0.0, 0.0833, 0.3333, 0.35, 0.3667, 0.4333, 0.5, 0.7167, 1.0],
            "transform": [
                [0.999945, -0.010486, -9.9e-05, 0.0, 0.010487, 0.999901, 0.00941, 0.05, 0.0, -0.009411, 0.999956, -0.0, 0.0, 0.0, 0.0, 1.0],
                [0.999766, 0.02026, 0.007648, 0.0, -0.021656, 0.93533, 0.353114, 0.05, 0.0, -0.353197, 0.935549, -0.0, 0.0, 0.0, 0.0, 1.0],
                [0.995503, -0.094683, -0.00304, -0.0, 0.094732, 0.994991, 0.031936, 0.05, 1e-06, -0.03208, 0.999485, 0.0, 0.0, 0.0, 0.0, 1.0],
                [0.994741, -0.102415, -0.00105, 0.0, 0.102421, 0.994689, 0.010196, 0.05, 1e-06, -0.01025, 0.999947, 0.0, 0.0, 0.0, 0.0, 1.0],
                [0.993924, -0.110058, 0.001269, 0.0, 0.110065, 0.993858, -0.011463, 0.05, 1e-06, 0.011533, 0.999933, 0.0, 0.0, 0.0, 0.0, 1.0],
                [0.999735, -0.022747, -0.003596, 0.0, 0.023029, 0.987476, 0.156081, 0.05, 0.0, -0.156122, 0.987738, 0.0, 0.0, 0.0, 0.0, 1.0],
                [0.997085, -0.069504, -0.031478, -0.0, 0.0763, 0.908277, 0.411354, 0.05, 0.0, -0.412556, 0.910932, -0.0, 0.0, 0.0, 0.0, 1.0],
                [0.996303, -0.075741, -0.040535, 0.0, 0.085906, 0.878419, 0.470107, 0.05, 1e-06, -0.471851, 0.881678, 0.0, 0.0, 0.0, 0.0, 1.0],
                [0.973853, -0.212892, -0.079288, -0.0, 0.227178, 0.912616, 0.339885, 0.05, 1e-06, -0.34901, 0.937119, -0.0, 0.0, 0.0, 0.0, 1.0]
            ]
        },
        {
            "name": "Chest",
            "time": [0.0, 0.0833, 0.3333, 0.35, 0.3667, 0.4333, 0.5, 0.7167, 1.0],
            "transform": [
                [0.310675, -0.008217, 0.950481, -0.0, -0.003188, 0.999948, 0.009687, 0.35, -0.950511, -0.00604, 0.310632, 0.0, 0.0, 0.0, 0.0, 1.0],
                [0.02354, -0.220682, 0.975062, -0.0, -0.029549, 0.974752, 0.221325, 0.35, -0.999286, -0.034023, 0.016425, 0.0, 0.0, 0.0, 0.0, 1.0],
                [-0.01511, -0.347087, 0.937711, -0.0, 0.0493, 0.936419, 0.347403, 0.35, -0.99867, 0.051478, 0.002962, 0.0, 0.0, 0.0, 0.0, 1.0],
                [-0.018048, -0.355192, 0.934619, 0.0, 0.054356, 0.93304, 0.355642, 0.35, -0.998358, 0.05722, 0.002467, -0.0, 0.0, 0.0, 0.0, 1.0],
                [-0.021029, -0.36325, 0.931455, 0.0, 0.059381, 0.929562, 0.363853, 0.35, -0.998014, 0.062962, 0.002023, -0.0, 0.0, 0.0, 0.0, 1.0],
                [0.7932, -0.230895, 0.56349, 0.0, 0.180225, 0.972886, 0.144954, 0.35, -0.58168, -0.013422, 0.813307, 0.0, 0.0, 0.0, 0.0, 1.0],
                [0.923901, -0.013639, -0.382389, -0.0, -0.067589, 0.977833, -0.198179, 0.35, 0.376615, 0.208943, 0.902499, -0.0, 0.0, 0.0, 0.0, 1.0],
                [0.808895, 0.068639, -0.583933, 0.0, -0.171335, 0.977576, -0.122432, 0.35, 0.562435, 0.199083, 0.802517, 0.0, 0.0, 0.0, 0.0, 1.0],
                [0.819369, 0.185449, -0.542442, -0.0, -0.223523, 0.974689, -0.004411, 0.35, 0.527894, 0.124862, 0.840082, -0.0, 0.0, 0.0, 0.0, 1.0]
            ]
        },
        {
            "name": "Head",
            "time": [0.0, 0.0833, 0.2, 0.35, 0.3667, 0.4333, 0.5, 0.7167, 1.0],
            "transform": [
                [0.921534, -0.2926, 0.255268, 0.0, 0.274873, 0.955905, 0.103393, 0.35, -0.274265, -0.025114, 0.961326, -0.0, 0.0, 0.0, 0.0, 1.0],
                [0.933303, -0.263427, 0.24403, -0.0, 0.223691, 0.958126, 0.178767, 0.35, -0.280904, -0.112256, 0.953148, -0.0, 0.0, 0.0, 0.0, 1.0],
                [0.271785, -0.20166, -0.940992, -0.0, -0.232998, 0.934918, -0.267655, 0.35, 0.933726, 0.291994, 0.20711, 0.0, 0.0, 0.0, 0.0, 1.0],
                [0.451545, 0.15333, -0.878975, 0.0, -0.120821, 0.986557, 0.110028, 0.35, 0.88403, 0.056516, 0.464001, -0.0, 0.0, 0.0, 0.0, 1.0],
                [0.462483, 0.168452, -0.870479, -0.0, -0.104941, 0.985284, 0.134914, 0.35, 0.880396, 0.028953, 0.473355, -0.0, 0.0, 0.0, 0.0, 1.0],
                [0.599535, 0.308423, -0.738534, -0.0, -0.292791, 0.943322, 0.15626, 0.35, 0.74487, 0.122553, 0.655858, 0.0, 0.0, 0.0, 0.0, 1.0],
                [0.886948, 0.101731, 0.450526, -0.0, -0.027417, 0.985318, -0.168514, 0.35, -0.461055, 0.137112, 0.876715, -0.0, 0.0, 0.0, 0.0, 1.0],
                [0.579244, 0.116516, 0.806784, -0.0, 0.114571, 0.96827, -0.222095, 0.35, -0.807063, 0.221082, 0.547516, -0.0, 0.0, 0.0, 0.0, 1.0],
                [0.414127, 0.095615, 0.905183, 0.0, 0.117806, 0.980473, -0.157465, 0.35, -0.902564, 0.171846, 0.394776, 0.0, 0.0, 0.0, 0.0, 1.0]
            ]
        },
        {
            "name": "Shoulder_R",
            "time": [0.0, 0.0833, 0.3333, 0.35, 0.3667, 0.5, 0.7167, 1.0],
            "transform": [
                [0.170302, 0.891901, 0.418939, 0.0, -0.039645, -0.418604, 0.907303, 0.35, 0.984594, -0.171124, -0.03593, -0.0, 0.0, 0.0, 0.0, 1.0],
                [0.170302, 0.891901, 0.418939, -0.0, -0.039645, -0.418604, 0.907303, 0.35, 0.984594, -0.171124, -0.03593, -0.0, 0.0, 0.0, 0.0, 1.0],
                [0.282661, 0.940747, 0.187345, 0.0, -0.097472, -0.166129, 0.981275, 0.35, 0.954255, -0.295629, 0.044739, -0.0, 0.0, 0.0, 0.0, 1.0],
                [0.290493, 0.941561, 0.170516, 0.0, -0.100106, -0.147318, 0.98401, 0.35, 0.951627, -0.302918, 0.051461, -0.0, 0.0, 0.0, 0.0, 1.0],
                [0.29834, 0.942001, 0.153712, -0.0, -0.102578, -0.128468, 0.986394, 0.35, 0.948931, -0.310049, 0.058302, -0.0, 0.0, 0.0, 0.0, 1.0],
                [0.246343, 0.948802, 0.197712, -0.0, -0.057636, -0.189296, 0.980227, 0.35, 0.967468, -0.252868, 0.008053, -0.0, 0.0, 0.0, 0.0, 1.0],
                [0.260757, 0.885187, 0.385293, -0.0, -0.089302, -0.375272, 0.922603, 0.35, 0.961266, -0.274982, -0.018806, -0.0, 0.0, 0.0, 0.0, 1.0],
                [0.260757, 0.885187, 0.385293, 0.0, -0.089302, -0.375272, 0.922603, 0.35, 0.961266, -0.274983, -0.018806, 0.0, 0.0, 0.0, 0.0, 1.0]
            ]
        },
        {
            "name": "Arm_R",
            "time": [0.0, 0.0833, 0.1667, 0.3333, 0.35, 0.3667, 0.4333, 0.5, 0.7167, 1.0],
            "transform": [
                [-0.757225, -0.388102, -0.525345, 0.0, 0.272631, 0.543094, -0.79418, 0.388213, 0.593534, -0.744598, -0.305436, -0.0, 0.0, 0.0, 0.0, 1.0],
                [0.376645, -0.441745, -0.814249, -0.0, 0.894169, 0.403062, 0.194944, 0.388213, 0.242078, -0.8015, 0.546806, 0.0, 0.0, 0.0, 0.0, 1.0],
                [-0.057909, -0.840836, -0.538183, 0.0, 0.466338, 0.453874, -0.759294, 0.388213, 0.882709, -0.294945, 0.36583, -0.0, 0.0, 0.0, 0.0, 1.0],
                [-0.006435, -0.668173, -0.743978, -0.0, -0.297812, 0.711513, -0.636441, 0.388213, 0.954602, 0.21747, -0.203569, 0.0, 0.0, 0.0, 0.0, 1.0],
                [-0.070294, -0.749549, -0.658205, -0.0, -0.209457, 0.656218, -0.724917, 0.388213, 0.975287, 0.086908, -0.203127, -0.0, 0.0, 0.0, 0.0, 1.0],
                [-0.139615, -0.808762, -0.571324, -0.0, -0.147718, 0.58753, -0.795606, 0.388213, 0.979126, -0.026684, -0.201497, -0.0, 0.0, 0.0, 0.0, 1.0],
                [0.215461, -0.231639, -0.94864, 0.0, 0.234523, 0.955301, -0.179999, 0.388213, 0.947931, -0.183695, 0.260155, -0.0, 0.0, 0.0, 0.0, 1.0],
                [0.517349, -0.11393, -0.848157, -0.0, -0.308685, 0.899532, -0.309119, 0.388213, 0.798162, 0.421736, 0.430204, -0.0, 0.0, 0.0, 0.0, 1.0],
                [0.716748, 0.12422, -0.686179, 0.0, -0.244689, 0.96624, -0.08067, 0.388213, 0.652992, 0.225721, 0.722946, 0.0, 0.0, 0.0, 0.0, 1.0],
                [0.664108, -0.236104, -0.709377, 0.0, 0.431973, 0.895597, 0.106322, 0.388213, 0.610213, -0.377041, 0.696764, 0.0, 0.0, 0.0, 0.0, 1.0]
            ]
        },
        {
            "name": "Hand_R",
            "time": [0.0, 0.0833, 0.3333, 0.35, 0.3667, 0.5, 0.7167, 1.0],
            "transform": [
                [0.999999, -0.001128, 0.000658, 0.0, 0.001303, 0.833094, -0.55313, 0.329779, 7.6e-05, 0.55313, 0.833095, -0.0, 0.0, 0.0, 0.0, 1.0],
                [0.652115, -0.758119, 0.000658, 0.0, 0.631823, 0.542998, -0.55313, 0.329779, 0.418981, 0.36112, 0.833094, -0.0, 0.0, 0.0, 0.0, 1.0],
                [0.995086, -0.098441, -0.010727, 0.0, 0.088009, 0.928851, -0.359848, 0.329779, 0.045388, 0.357135, 0.932949, -0.0, 0.0, 0.0, 0.0, 1.0],
                [0.998784, -0.048992, -0.005669, -0.0, 0.043983, 0.936815, -0.347048, 0.329779, 0.022313, 0.346377, 0.937831, 0.0, 0.0, 0.0, 0.0, 1.0],
                [1.0, 0.0, -0.0, 0.0, -1e-06, 0.942376, -0.334554, 0.329779, -0.0, 0.334554, 0.942376, -0.0, 0.0, 0.0, 0.0, 1.0],
                [1.000001, 0.0, 0.0, 0.0, -0.0, 0.999534, -0.030556, 0.329779, -0.0, 0.030555, 0.999532, 0.0, 0.0, 0.0, 0.0, 1.0],
                [1.0, 0.0, 0.0, -0.0, -0.0, 0.996082, -0.088433, 0.329779, -0.0, 0.088433, 0.996082, 0.0, 0.0, 0.0, 0.0, 1.0],
                [1.0, 0.0, 0.0, -0.0, -0.0, 0.996082, -0.088433, 0.329779, -0.0, 0.088433, 0.996081, 0.0, 0.0, 0.0, 0.0, 1.0]
            ]
        },
        {
            "name": "Tool_R",
            "time": [0.0, 0.0833, 0.3333, 0.35, 0.3667, 0.4333, 0.5, 0.7167, 1.0],
            "transform": [
                [0.69689, 0.269465, -0.66463, -0.02, -0.472315, -0.524936, -0.708068, 0.291425, -0.539688, 0.807361, -0.238551, -0.0, 0.0, 0.0, 0.0, 1.0],
                [1.0, 0.0, 0.0, -0.02, -0.0, -1.0, -0.0, 0.291425, 0.0, -0.0, -1.0, 0.0, 0.0, 0.0, 0.0, 1.0],
                [1.0, -0.0, 0.0, -0.02, -0.0, -0.978142, -0.207937, 0.291425, 0.0, 0.207937, -0.978143, 0.0, 0.0, 0.0, 0.0, 1.0],
                [1.0, -0.0, 0.0, -0.02, -0.0, -0.975148, -0.221556, 0.291425, 0.0, 0.221556, -0.975148, 0.0, 0.0, 0.0, 0.0, 1.0],
                [1.0, -0.0, 0.0, -0.02, -1e-06, -0.971966, -0.235122, 0.291425, 0.0, 0.235122, -0.971966, 0.0, 0.0, 0.0, 0.0, 1.0],
                [1.0, 0.0, 0.0, -0.02, 0.0, -0.613734, -0.789513, 0.291425, 0.0, 0.789513, -0.613734, 0.0, 0.0, 0.0, 0.0, 1.0],
                [1.0, -0.0, 0.0, -0.02, -0.0, -0.85597, -0.517026, 0.291425, 0.0, 0.517026, -0.85597, -0.0, 0.0, 0.0, 0.0, 1.0],
                [1.0, 0.0, 0.0, -0.02, 0.0, -0.98341, -0.181395, 0.291425, 0.0, 0.181396, -0.983411, 0.0, 0.0, 0.0, 0.0, 1.0],
                [1.0, 0.0, 0.0, -0.02, 0.0, -0.941, -0.338408, 0.291425, 0.0, 0.338408, -0.941, 0.0, 0.0, 0.0, 0.0, 1.0]
            ]
        },
        {
            "name": "Elbow_R",
            "time": [0.0, 0.0833, 0.3333, 0.35, 0.3667, 0.5, 0.7167, 1.0],
            "transform": [
                [-1.0, 0.0, -0.0, 0.0, 1e-06, 0.288882, -0.957365, 0.329779, -0.0, -0.957365, -0.288882, -0.0, 0.0, 0.0, 0.0, 1.0],
                [-0.999999, 0.0, -1e-06, 0.0, 0.0, 0.203088, -0.979161, 0.329779, 0.0, -0.97916, -0.203088, 0.0, 0.0, 0.0, 0.0, 1.0],
                [-1.000001, 0.0, -0.0, 0.0, 0.0, 0.270772, -0.962643, 0.329779, -0.0, -0.962643, -0.270772, -0.0, 0.0, 0.0, 0.0, 1.0],
                [-1.0, 0.0, -0.0, -0.0, 1e-06, 0.175978, -0.984394, 0.329779, -0.0, -0.984395, -0.175978, 0.0, 0.0, 0.0, 0.0, 1.0],
                [-1.0, 0.0, -1e-06, -0.0, 0.0, 0.16974, -0.985488, 0.329779, -0.0, -0.985489, -0.16974, -0.0, 0.0, 0.0, 0.0, 1.0],
                [-1.0, -0.0, -0.0, 0.0, 0.0, 0.01528, -0.999884, 0.329779, -0.0, -0.999883, -0.01528, 0.0, 0.0, 0.0, 0.0, 1.0],
                [-1.0, -0.0, -0.0, -0.0, 1e-06, 0.04426, -0.99902, 0.329779, 0.0, -0.999019, -0.04426, 0.0, 0.0, 0.0, 0.0, 1.0],
                [-1.0, 0.0, -1e-06, -0.0, 0.0, 0.04426, -0.99902, 0.329779, -0.0, -0.99902, -0.04426, 0.0, 0.0, 0.0, 0.0, 1.0]
            ]
        },
        {
            "name": "Shoulder_L",
            "time": [0.0, 0.0833, 0.3333, 0.35, 0.3667, 0.5, 0.7167, 1.0],
            "transform": [
                [0.54241, -0.823024, -0.168588, 0.0, -0.209867, -0.327053, 0.921407, 0.35, -0.813479, -0.4644, -0.350123, -0.0, 0.0, 0.0, 0.0, 1.0],
                [0.54241, -0.823024, -0.168588, -0.0, -0.209867, -0.327053, 0.921407, 0.35, -0.813478, -0.4644, -0.350123, -0.0, 0.0, 0.0, 0.0, 1.0],
                [0.54241, -0.823024, -0.168588, 0.0, -0.209867, -0.327053, 0.921407, 0.35, -0.813478, -0.4644, -0.350123, -0.0, 0.0, 0.0, 0.0, 1.0],
                [0.54241, -0.823024, -0.168588, 0.0, -0.209867, -0.327053, 0.921407, 0.35, -0.813478, -0.4644, -0.350123, -0.0, 0.0, 0.0, 0.0, 1.0],
                [0.54241, -0.823024, -0.168588, -0.0, -0.209868, -0.327053, 0.921407, 0.35, -0.813478, -0.4644, -0.350123, -0.0, 0.0, 0.0, 0.0, 1.0],
                [0.54241, -0.823025, -0.168588, -0.0, -0.209867, -0.327053, 0.921407, 0.35, -0.813478, -0.4644, -0.350123, -0.0, 0.0, 0.0, 0.0, 1.0],
                [0.508502, -0.788419, -0.346152, -0.0, 0.022314, -0.389805, 0.920627, 0.35, -0.860772, -0.475865, -0.180623, -0.0, 0.0, 0.0, 0.0, 1.0],
                [0.508502, -0.788419, -0.346152, 0.0, 0.022314, -0.389805, 0.920627, 0.35, -0.860772, -0.475865, -0.180623, 0.0, 0.0, 0.0, 0.0, 1.0]
            ]
        },
        {
            "name": "Arm_L",
            "time": [0.0, 0.0833, 0.15, 0.1667, 0.1833, 0.2167, 0.3, 0.3333, 0.35, 0.3667, 0.5, 0.7167, 1.0],
            "transform": [
                [-0.343486, 0.437172, 0.831202, -0.0, -0.673896, 0.501711, -0.542357, 0.388212, -0.654127, -0.746436, 0.122278, 0.0, 0.0, 0.0, 0.0, 1.0],
                [-0.562075, 0.720279, 0.406535, 0.0, -0.003911, 0.489207, -0.87216, 0.388212, -0.827078, -0.491809, -0.272153, 0.0, 0.0, 0.0, 0.0, 1.0],
                [-0.37509, 0.830319, 0.412163, -0.0, -0.480141, 0.206314, -0.852584, 0.388212, -0.792952, -0.517692, 0.321285, 0.0, 0.0, 0.0, 0.0, 1.0],
                [-0.302258, 0.607676, 0.734417, 0.0, -0.802206, 0.253999, -0.540323, 0.388212, -0.514883, -0.752472, 0.410709, -0.0, 0.0, 0.0, 0.0, 1.0],
                [-0.426086, 0.886322, 0.181338, 0.0, 0.479695, 0.391287, -0.785358, 0.388212, -0.767036, -0.247643, -0.591886, -0.0, 0.0, 0.0, 0.0, 1.0],
                [0.144453, 0.827013, 0.543308, -0.0, -0.124264, 0.559881, -0.819202, 0.388212, -0.981679, 0.050824, 0.183645, 0.0, 0.0, 0.0, 0.0, 1.0],
                [-0.041135, 0.920998, -0.38739, 0.0, -0.308913, -0.380445, -0.871685, 0.388212, -0.950201, 0.083813, 0.300158, 0.0, 0.0, 0.0, 0.0, 1.0],
                [-0.656393, 0.730799, -0.1873, -0.0, -0.271748, -0.46064, -0.844964, 0.388212, -0.703778, -0.50373, 0.500954, -0.0, 0.0, 0.0, 0.0, 1.0],
                [-0.516142, 0.85056, -0.100728, -0.0, -0.440293, -0.364361, -0.820599, 0.388212, -0.734671, -0.379195, 0.562558, 0.0, 0.0, 0.0, 0.0, 1.0],
                [-0.354644, 0.934293, -0.036391, -0.0, -0.572176, -0.247643, -0.781848, 0.388212, -0.739488, -0.256456, 0.622406, 0.0, 0.0, 0.0, 0.0, 1.0],
                [0.094772, 0.498362, 0.861774, -0.0, 0.105208, 0.855808, -0.506482, 0.388212, -0.989924, 0.138666, 0.028675, -0.0, 0.0, 0.0, 0.0, 1.0],
                [-0.116259, 0.945365, 0.304579, 0.0, 0.110793, 0.317088, -0.941902, 0.388212, -0.98702, -0.075759, -0.141604, -0.0, 0.0, 0.0, 0.0, 1.0],
                [-0.088199, 0.259363, 0.961745, -0.0, -0.452767, 0.849565, -0.270632, 0.388212, -0.887256, -0.459316, 0.0425, 0.0, 0.0, 0.0, 0.0, 1.0]
            ]
        },
        {
            "name": "Hand_L",
            "time": [0.0, 0.0833, 0.3333, 0.35, 0.3667, 0.5, 0.7167, 1.0],
            "transform": [
                [1.0, 0.0, 1e-06, -0.0, -0.0, 1.0, 1e-06, 0.329779, -1e-06, -1e-06, 1.0, 0.0, 0.0, 0.0, 0.0, 1.0],
                [0.997932, -0.029058, 0.057323, -0.0, 0.052938, 0.877409, -0.476813, 0.329779, -0.03644, 0.478861, 0.877133, 0.0, 0.0, 0.0, 0.0, 1.0],
                [1.0, 1e-06, 0.0, -0.0, -0.0, 0.8716, -0.490218, 0.329779, -0.0, 0.490218, 0.8716, -0.0, 0.0, 0.0, 0.0, 1.0],
                [1.0, 1e-06, 0.0, -0.0, -0.0, 0.854503, -0.519447, 0.329779, -0.0, 0.519447, 0.854503, -0.0, 0.0, 0.0, 0.0, 1.0],
                [1.0, 1e-06, 0.0, -0.0, -0.0, 0.836507, -0.547957, 0.329779, -0.0, 0.547957, 0.836507, 0.0, 0.0, 0.0, 0.0, 1.0],
                [1.0, 1e-06, -0.0, 0.0, -0.0, 0.719324, -0.694675, 0.329779, -0.0, 0.694675, 0.719323, -0.0, 0.0, 0.0, 0.0, 1.0],
                [1.0, 0.0, 0.0, -0.0, -0.0, 0.897239, -0.441546, 0.329779, -1e-06, 0.441545, 0.897239, -0.0, 0.0, 0.0, 0.0, 1.0],
                [1.0, 0.0, 0.0, -0.0, -0.0, 0.897239, -0.441545, 0.329779, -0.0, 0.441545, 0.897239, -0.0, 0.0, 0.0, 0.0, 1.0]
            ]
        },
        {
            "name": "Tool_L",
            "time": [0.0, 0.0833, 0.3333, 0.35, 0.3667, 0.5, 0.7167, 1.0],
            "transform": [
                [1.0, 0.0, 0.0, 0.02, 0.0, -1.0, 0.0, 0.291426, 0.0, 0.0, -1.0, 0.0, 0.0, 0.0, 0.0, 1.0],
                [1.0, -0.0, 0.0, 0.02, -0.0, -1.0, 0.0, 0.291426, 0.0, -0.0, -1.0, -0.0, 0.0, 0.0, 0.0, 1.0],
                [1.0, -0.0, 0.0, 0.02, 0.0, -1.0, 0.0, 0.291426, 0.0, -0.0, -1.0, -0.0, 0.0, 0.0, 0.0, 1.0],
                [1.0, -0.0, 0.0, 0.02, 0.0, -1.0, 0.0, 0.291426, 0.0, -0.0, -1.0, -0.0, 0.0, 0.0, 0.0, 1.0],
                [1.0, -0.0, 0.0, 0.02, -0.0, -1.0, 0.0, 0.291426, 0.0, -0.0, -1.0, -0.0, 0.0, 0.0, 0.0, 1.0],
                [1.0, 0.0, 0.0, 0.02, 0.0, -1.0, -0.0, 0.291426, 0.0, 0.0, -1.0, -0.0, 0.0, 0.0, 0.0, 1.0],
                [1.0, 0.0, 0.0, 0.02, 0.0, -1.0, 0.0, 0.291426, 0.0, 0.0, -1.0, 0.0, 0.0, 0.0, 0.0, 1.0],
                [1.0, 0.0, 0.0, 0.02, 0.0, -1.0, 0.0, 0.291426, 0.0, -0.0, -1.0, -0.0, 0.0, 0.0, 0.0, 1.0]
            ]
        },
        {
            "name": "Elbow_L",
            "time": [0.0, 0.0833, 0.3333, 0.35, 0.3667, 0.5, 0.7167, 1.0],
            "transform": [
                [-1.0, -0.0, -0.0, 0.0, 0.0, -1e-06, -1.0, 0.329779, 0.0, -0.999999, 0.0, 0.0, 0.0, 0.0, 0.0, 1.0],
                [-1.0, -0.0, -0.0, -0.0, 0.0, 0.247268, -0.968947, 0.329779, 0.0, -0.968947, -0.247268, 0.0, 0.0, 0.0, 0.0, 1.0],
                [-1.0, -0.0, -0.0, -0.0, 1e-06, 0.374868, -0.927078, 0.329779, 0.0, -0.927078, -0.374868, -0.0, 0.0, 0.0, 0.0, 1.0],
                [-1.0, -0.0, -0.0, 0.0, 1e-06, 0.26972, -0.962939, 0.329779, 0.0, -0.962939, -0.269719, -0.0, 0.0, 0.0, 0.0, 1.0],
                [-1.0, -0.0, -0.0, -0.0, 1e-06, 0.285914, -0.958255, 0.329779, 0.0, -0.958255, -0.285914, 0.0, 0.0, 0.0, 0.0, 1.0],
                [-1.0, -0.0, -0.0, 0.0, 0.0, 0.374617, -0.927179, 0.329779, 0.0, -0.927179, -0.374617, 0.0, 0.0, 0.0, 0.0, 1.0],
                [-1.0, -0.0, -0.0, -0.0, 0.0, 0.226673, -0.973971, 0.329779, 0.0, -0.973971, -0.226673, 0.0, 0.0, 0.0, 0.0, 1.0],
                [-1.0, -0.0, -0.0, -0.0, 0.0, 0.226673, -0.973971, 0.329779, 0.0, -0.973971, -0.226673, -0.0, 0.0, 0.0, 0.0, 1.0]
            ]
        }
    ]
}