{
    "animation": [
        {
            "name": "Root",
            "time": [0.0, 0.1667, 0.25, 0.3667, 0.6, 0.8, 0.95, 1.1, 1.3667, 1.55],
            "transform": [
                [0.350596, 0.194861, -0.916031, -5e-06, -0.935071, 0.127358, -0.330791, 0.000947, 0.052205, 0.972527, 0.22686, 0.670045, 0.0, 0.0, 0.0, 1.0],
                [0.132489, 0.273865, -0.952599, -5e-06, -0.973093, 0.218725, -0.072458, 0.004083, 0.188513, 0.936567, 0.295475, 0.476943, 0.0, 0.0, 0.0, 1.0],
                [0.863949, 0.101565, -0.49323, -5e-06, -0.502983, 0.221685, -0.835383, 0.159684, 0.024496, 0.969814, 0.24261, 0.54344, 0.0, 0.0, 0.0, 1.0],
                [0.690489, -0.0, 0.723343, -5e-06, 0.723343, 0.0, -0.690489, 0.377526, 0.0, 1.0, 0.0, 0.636535, 0.0, 0.0, 0.0, 1.0],
                [0.712869, -0.087181, 0.695857, -5e-06, 0.701221, 0.073981, -0.709095, 0.437607, 0.01034, 0.993442, 0.113872, 0.582688, 0.0, 0.0, 0.0, 1.0],
                [0.730406, -0.158124, 0.664458, -5e-06, 0.682665, 0.137931, -0.717596, 0.489105, 0.02182, 0.977738, 0.208691, 0.536535, 0.0, 0.0, 0.0, 1.0],
                [0.719744, -0.178856, 0.670804, -5e-06, 0.67457, 0.408546, -0.614854, 0.687921, -0.164084, 0.895042, 0.4147, 0.366535, 0.0, 0.0, 0.0, 1.0],
                [0.497299, 0.013905, -0.867468, -5e-06, -0.829048, 0.302286, -0.470429, 1.143126, 0.255682, 0.953116, 0.161854, 0.636535, 0.0, 0.0, 0.0, 1.0],
                [0.205523, 0.146857, -0.967571, -5e-06, -0.978447, 0.010594, -0.206226, 1.154748, -0.020035, 0.989101, 0.145869, 0.596535, 0.0, 0.0, 0.0, 1.0],
                [0.205523, 0.146857, -0.967571, -5e-06, -0.960103, -0.161323, -0.228422, 1.145326, -0.189637, 0.975914, 0.107842, 0.536535, 0.0, 0.0, 0.0, 1.0]
            ]
        },
        {
            "name": "Thigh_R",
            "time": [0.0, 0.1667, 0.25, 0.3667, 0.6, 0.8, 0.95, 1.1, 1.3667, 1.55],
            "transform": [
                [0.932532, 0.347604, -0.097745, 0.124994, 0.347604, -0.790921, 0.503599, -0.002831, 0.097745, -0.503599, -0.858389, -1.2e-05, 0.0, 0.0, 0.0, 1.0],
                [0.975263, 0.17565, -0.134184, 0.124994, 0.175649, -0.247323, 0.952877, -0.002831, 0.134187, -0.952877, -0.272059, -1.2e-05, 0.0, 0.0, 0.0, 1.0],
                [0.981697, 0.124375, 0.144217, 0.124994, 0.028686, -0.845213, 0.533656, -0.002831, 0.188268, -0.519752, -0.833313, -1.2e-05, 0.0, 0.0, 0.0, 1.0],
                [0.920738, -0.226986, 0.317361, 0.124994, -0.037576, -0.861173, -0.506919, -0.002831, 0.388367, 0.454814, -0.801445, -1.2e-05, 0.0, 0.0, 0.0, 1.0],
                [0.883662, -0.160442, 0.439771, 0.124994, 0.008447, -0.933813, -0.357657, -0.002831, 0.468049, 0.319762, -0.823821, -1.2e-05, 0.0, 0.0, 0.0, 1.0],
                [0.842606, -0.088213, 0.531256, 0.124994, 0.03571, -0.975168, -0.218561, -0.00283, 0.537345, 0.203131, -0.818534, -1.2e-05, 0.0, 0.0, 0.0, 1.0],
                [0.887483, -0.45625, -0.064871, 0.124994, -0.456251, -0.850084, -0.263036, -0.00283, 0.064865, 0.263038, -0.962602, -1.2e-05, 0.0, 0.0, 0.0, 1.0],
                [0.97657, 0.215186, 0.002285, 0.124994, 0.214994, -0.976047, 0.033283, -0.00283, 0.009392, -0.032012, -0.999443, -1.2e-05, 0.0, 0.0, 0.0, 1.0],
                [0.841133, 0.504267, -0.195469, 0.124994, 0.516278, -0.641018, 0.567935, -0.00283, 0.161092, -0.578626, -0.799524, -1.2e-05, 0.0, 0.0, 0.0, 1.0],
                [0.716563, 0.632364, -0.294368, 0.124994, 0.632363, -0.41084, 0.656754, -0.00283, 0.29437, -0.656754, -0.694276, -1.2e-05, 0.0, 0.0, 0.0, 1.0]
            ]
        },
        {
            "name": "Leg_R",
            "time": [0.0, 0.1667, 0.25, 0.3667, 0.6, 0.8, 0.95, 1.1, 1.3667, 1.55],
            "transform": [
                [0.999963, -0.007998, -0.00348, 0.0, 0.008723, 0.91681, 0.39923, 0.37472, -2e-06, -0.399244, 0.916845, -0.0, 0.0, 0.0, 0.0, 1.0],
                [0.999964, -0.003445, -0.008014, -0.0, 0.008723, 0.39465, 0.918792, 0.37472, -3e-06, -0.918827, 0.394665, -0.0, 0.0, 0.0, 0.0, 1.0],
                [0.999963, -0.006202, -0.006133, -0.0, 0.008723, 0.710802, 0.703341, 0.37472, -3e-06, -0.703367, 0.710829, -0.0, 0.0, 0.0, 0.0, 1.0],
                [0.999962, -0.008478, -0.002053, -0.0, 0.008723, 0.971808, 0.235618, 0.37472, -2e-06, -0.235626, 0.971845, -0.0, 0.0, 0.0, 0.0, 1.0],
                [0.999963, -0.007319, -0.004745, 0.0, 0.008723, 0.83893, 0.544173, 0.37472, -3e-06, -0.544193, 0.83896, 0.0, 0.0, 0.0, 0.0, 1.0],
                [0.999962, -0.005664, -0.006634, 0.0, 0.008723, 0.649075, 0.760677, 0.37472, -2e-06, -0.760707, 0.649097, -0.0, 0.0, 0.0, 0.0, 1.0],
                [0.999963, -0.008173, -0.003046, 0.0, 0.008723, 0.936899, 0.349497, 0.37472, -2e-06, -0.34951, 0.936932, 0.0, 0.0, 0.0, 0.0, 1.0],
                [0.999962, -0.008722, -8.5e-05, 0.0, 0.008723, 0.999912, 0.010078, 0.37472, -3e-06, -0.010079, 0.999949, -0.0, 0.0, 0.0, 0.0, 1.0],
                [0.999963, -0.006008, -0.006323, -0.0, 0.008723, 0.688582, 0.725108, 0.37472, -3e-06, -0.725134, 0.68861, -0.0, 0.0, 0.0, 0.0, 1.0],
                [0.999963, -0.003747, -0.007877, 0.0, 0.008723, 0.429328, 0.903106, 0.37472, -2e-06, -0.903143, 0.429344, 0.0, 0.0, 0.0, 0.0, 1.0]
            ]
        },
        {
            "name": "Knee_R",
            "time": [0.0, 0.1667, 0.25, 0.3667, 0.6, 0.8, 0.95, 1.1, 1.3667, 1.55],
            "transform": [
                [0.99999, -0.004177, -0.001333, 0.0, -0.000454, 0.203908, -0.97899, 0.37472, 0.004362, 0.978981, 0.203904, -0.0, 0.0, 0.0, 0.0, 1.0],
                [0.99999, -0.00292, -0.003495, 0.0, -0.001312, 0.550154, -0.835062, 0.37472, 0.004362, 0.835058, 0.550144, -0.0, 0.0, 0.0, 0.0, 1.0],
                [0.99999, -0.003705, -0.002459, -0.0, -0.000866, 0.380246, -0.924885, 0.37472, 0.004361, 0.924878, 0.380239, 0.0, 0.0, 0.0, 0.0, 1.0],
                [0.99999, -0.004299, -0.00078, 0.0, -0.000264, 0.118653, -0.992936, 0.37472, 0.004361, 0.992926, 0.118651, 0.0, 0.0, 0.0, 0.0, 1.0],
                [0.99999, -0.004002, -0.001848, 0.0, -0.000636, 0.283762, -0.958895, 0.37472, 0.004362, 0.958886, 0.283757, 0.0, 0.0, 0.0, 0.0, 1.0],
                [0.99999, -0.003558, -0.002701, 0.0, -0.000962, 0.41887, -0.908046, 0.37472, 0.004361, 0.908039, 0.418862, 0.0, 0.0, 0.0, 0.0, 1.0],
                [0.99999, -0.004222, -0.001163, -0.0, -0.000395, 0.177579, -0.984107, 0.37472, 0.004361, 0.984098, 0.177575, -0.0, 0.0, 0.0, 0.0, 1.0],
                [0.999985, -0.00437, -3.2e-05, 0.0, -1.4e-05, 0.005036, -0.999986, 0.37472, 0.004371, 0.999972, 0.00504, -0.0, 0.0, 0.0, 0.0, 1.0],
                [0.99999, -0.003652, -0.002549, -0.0, -0.000901, 0.394584, -0.918859, 0.37472, 0.004362, 0.918852, 0.394577, -0.0, 0.0, 0.0, 0.0, 1.0],
                [0.99999, -0.00301, -0.003401, 0.0, -0.001267, 0.534162, -0.845381, 0.37472, 0.004362, 0.845377, 0.534153, 0.0, 0.0, 0.0, 0.0, 1.0]
            ]
        },
        {
            "name": "Thigh_L",
            "time": [0.0, 0.1667, 0.25, 0.3667, 0.6, 0.8, 0.95, 1.1, 1.3667, 1.55],
            "transform": [
                [0.922286, -0.369031, 0.114906, -0.125006, -0.369031, -0.752385, 0.545647, -0.00283, -0.114907, -0.545647, -0.830099, -1.2e-05, 0.0, 0.0, 0.0, 1.0],
                [0.722676, -0.63034, 0.283567, -0.125006, -0.630339, -0.432724, 0.644532, -0.00283, -0.283568, -0.644531, -0.710047, -1.2e-05, 0.0, 0.0, 0.0, 1.0],
                [0.914028, -0.370146, 0.165963, -0.125006, -0.370146, -0.593645, 0.714547, -0.00283, -0.165963, -0.714546, -0.679616, -1.2e-05, 0.0, 0.0, 0.0, 1.0],
                [0.997668, 0.062314, -0.027819, -0.125006, 0.062314, -0.665689, 0.743622, -0.00283, 0.027819, -0.743622, -0.66802, -1.2e-05, 0.0, 0.0, 0.0, 1.0],
                [0.996682, 0.067966, -0.044776, -0.125006, 0.067966, -0.392362, 0.917295, -0.00283, 0.044777, -0.917296, -0.39568, -1.2e-05, 0.0, 0.0, 0.0, 1.0],
                [0.995855, 0.068263, -0.060095, -0.125006, 0.068262, -0.124402, 0.98988, -0.00283, 0.060096, -0.989881, -0.128546, -1.2e-05, 0.0, 0.0, 0.0, 1.0],
                [0.959923, 0.161832, -0.228815, -0.125006, 0.16183, 0.34651, 0.923981, -0.00283, 0.228816, -0.92398, 0.306434, -1.2e-05, 0.0, 0.0, 0.0, 1.0],
                [0.999698, 0.024513, -0.001454, -0.125006, 0.024513, -0.992689, 0.118174, -0.00283, 0.001454, -0.118173, -0.992992, -1.2e-05, 0.0, 0.0, 0.0, 1.0],
                [0.994749, -0.100259, 0.020566, -0.125006, -0.100259, -0.914199, 0.392667, -0.00283, -0.020567, -0.392667, -0.91945, -1.2e-05, 0.0, 0.0, 0.0, 1.0],
                [0.999984, -0.005628, 0.000725, -0.125006, -0.005628, -0.967303, 0.253563, -0.00283, -0.000726, -0.253563, -0.967318, -1.2e-05, 0.0, 0.0, 0.0, 1.0]
            ]
        },
        {
            "name": "Leg_L",
            "time": [0.0, 0.1667, 0.25, 0.3667, 0.6, 0.8, 0.95, 1.1, 1.3667, 1.55],
            "transform": [
                [1.0, 0.0, 2e-06, 0.0, -1e-06, 0.749713, 0.661765, 0.37472, -1e-06, -0.661763, 0.749713, -0.0, 0.0, 0.0, 0.0, 1.0],
                [1.000001, -1e-06, 1e-06, -0.0, -1e-06, 0.15666, 0.987654, 0.37472, -1e-06, -0.987653, 0.15666, 0.0, 0.0, 0.0, 0.0, 1.0],
                [1.000001, -1e-06, 2e-06, -0.0, -1e-06, 0.389164, 0.92117, 0.37472, -1e-06, -0.921169, 0.389164, 0.0, 0.0, 0.0, 0.0, 1.0],
                [1.000001, 0.0, 2e-06, 0.0, -1e-06, 0.674224, 0.738527, 0.37472, -1e-06, -0.738528, 0.674224, -0.0, 0.0, 0.0, 0.0, 1.0],
                [1.000001, -0.0, 2e-06, 0.0, -1e-06, 0.566882, 0.8238, 0.37472, -1e-06, -0.8238, 0.566883, 0.0, 0.0, 0.0, 0.0, 1.0],
                [1.000001, -0.0, 2e-06, -0.0, -1e-06, 0.466335, 0.884609, 0.37472, -1e-06, -0.884608, 0.466336, -0.0, 0.0, 0.0, 0.0, 1.0],
                [1.000001, -1e-06, 2e-06, -0.0, -1e-06, 0.251837, 0.967771, 0.37472, -1e-06, -0.967771, 0.251836, -0.0, 0.0, 0.0, 0.0, 1.0],
                [1.000001, 0.0, 2e-06, -0.0, -1e-06, 0.747194, 0.664609, 0.37472, -1e-06, -0.664607, 0.747193, 0.0, 0.0, 0.0, 0.0, 1.0],
                [1.0, -1e-06, 1e-06, -0.0, -1e-06, 0.35849, 0.933534, 0.37472, -1e-06, -0.933534, 0.35849, -0.0, 0.0, 0.0, 0.0, 1.0],
                [1.000001, -0.0, 2e-06, 0.0, -1e-06, 0.508945, 0.860799, 0.37472, -1e-06, -0.8608, 0.508945, 0.0, 0.0, 0.0, 0.0, 1.0]
            ]
        },
        {
            "name": "Knee_L",
            "time": [0.0, 0.1667, 0.25, 0.3667, 0.6, 0.8, 0.95, 1.1, 1.3667, 1.55],
            "transform": [
                [1.0, 1e-06, -1e-06, -0.0, -1e-06, 0.353758, -0.935337, 0.37472, -0.0, 0.935337, 0.353758, 0.0, 0.0, 0.0, 0.0, 1.0],
                [1.0, 1e-06, -1e-06, -0.0, -1e-06, 0.649362, -0.760479, 0.37472, -0.0, 0.760479, 0.649362, 0.0, 0.0, 0.0, 0.0, 1.0],
                [1.0, 1e-06, -1e-06, -0.0, -1e-06, 0.552647, -0.833415, 0.37472, -0.0, 0.833415, 0.552647, 0.0, 0.0, 0.0, 0.0, 1.0],
                [1.0, 1e-06, -1e-06, -0.0, -1e-06, 0.403595, -0.914938, 0.37472, -0.0, 0.914938, 0.403595, -0.0, 0.0, 0.0, 0.0, 1.0],
                [1.0, 1e-06, -1e-06, 0.0, -1e-06, 0.46536, -0.885121, 0.37472, -0.0, 0.885121, 0.46536, 0.0, 0.0, 0.0, 0.0, 1.0],
                [1.0, 1e-06, -1e-06, -0.0, -1e-06, 0.516559, -0.856251, 0.37472, -0.0, 0.856251, 0.51656, -0.0, 0.0, 0.0, 0.0, 1.0],
                [1.0, 1e-06, -1e-06, 0.0, -1e-06, 0.611624, -0.791149, 0.37472, -0.0, 0.791149, 0.611623, 0.0, 0.0, 0.0, 0.0, 1.0],
                [1.0, 1e-06, -1e-06, -0.0, -1e-06, 0.355534, -0.934664, 0.37472, -0.0, 0.934663, 0.355534, 0.0, 0.0, 0.0, 0.0, 1.0],
                [1.0, 1e-06, -1e-06, 0.0, -1e-06, 0.566354, -0.824162, 0.37472, -0.0, 0.824162, 0.566354, -0.0, 0.0, 0.0, 0.0, 1.0],
                [1.0, 1e-06, -1e-06, 0.0, -1e-06, 0.495509, -0.868603, 0.37472, -1e-06, 0.868603, 0.495509, 0.0, 0.0, 0.0, 0.0, 1.0]
            ]
        },
        {
            "name": "Torso",
            "time": [0.0, 0.1667, 0.25, 0.3667, 0.6, 0.8, 0.95, 1.1, 1.3667, 1.55],
            "transform": [
                [0.99978, -0.020968, -0.000395, 0.0, 0.020971, 0.999603, 0.018823, 0.05, 0.0, -0.018827, 0.999823, 0.0, 0.0, 0.0, 0.0, 1.0],
                [0.99978, -0.020968, -0.000395, -0.0, 0.020971, 0.999603, 0.018826, 0.05, 0.0, -0.01883, 0.999823, 0.0, 0.0, 0.0, 0.0, 1.0],
                [0.999996, -0.002666, 0.000145, -0.0, 0.002669, 0.998513, -0.054458, 0.05, 1e-06, 0.054458, 0.998516, -0.0, 0.0, 0.0, 0.0, 1.0],
                [0.999738, 0.022606, -0.003582, 0.0, -0.022888, 0.987422, -0.156446, 0.05, 0.0, 0.156487, 0.98768, 0.0, 0.0, 0.0, 0.0, 1.0],
                [0.999944, 0.01057, -0.000768, 0.0, -0.010598, 0.997315, -0.072457, 0.05, 1e-06, 0.072461, 0.997371, -0.0, 0.0, 0.0, 0.0, 1.0],
                [1.0, 0.0, -0.0, -0.0, -0.0, 1.0, -0.0, 0.05, 1e-06, 0.0, 1.0, 0.0, 0.0, 0.0, 0.0, 1.0],
                [0.965926, 0.257578, 0.025314, -0.0, -0.258819, 0.961294, 0.094476, 0.05, 0.0, -0.097809, 0.995205, -0.0, 0.0, 0.0, 0.0, 1.0],
                [1.0, 0.0, -0.0, 0.0, -0.0, 1.0, -0.0, 0.05, 0.0, 0.0, 1.0, 0.0, 0.0, 0.0, 0.0, 1.0],
                [0.999945, -0.010486, -9.9e-05, -0.0, 0.010487, 0.999901, 0.00941, 0.05, 0.0, -0.009411, 0.999956, -0.0, 0.0, 0.0, 0.0, 1.0],
                [0.999945, -0.010486, -9.9e-05, -0.0, 0.010487, 0.999901, 0.00941, 0.05, 0.0, -0.009411, 0.999956, -0.0, 0.0, 0.0, 0.0, 1.0]
            ]
        },
        {
            "name": "Chest",
            "time": [0.0, 0.1667, 0.25, 0.3667, 0.6, 0.8, 0.95, 1.1, 1.3667, 1.55],
            "transform": [
                [0.99977, -0.021412, -0.000205, 0.0, 0.021412, 0.999586, 0.019219, 0.35, -0.000207, -0.019219, 0.999815, -0.0, 0.0, 0.0, 0.0, 1.0],
                [0.999771, -0.021412, -0.000205, -0.0, 0.021412, 0.999586, 0.019219, 0.35, -0.000207, -0.019219, 0.999815, -0.0, 0.0, 0.0, 0.0, 1.0],
                [0.96253, 0.024585, -0.27006, -0.0, -0.034769, 0.998851, -0.032991, 0.35, 0.268938, 0.041145, 0.962278, 0.0, 0.0, 0.0, 0.0, 1.0],
                [0.925495, -0.104004, 0.364202, 0.0, 0.134191, 0.989227, -0.05851, 0.35, -0.354193, 0.103023, 0.929481, 0.0, 0.0, 0.0, 0.0, 1.0],
                [0.821568, -0.204356, 0.532227, -0.0, 0.087868, 0.967783, 0.235958, 0.35, -0.5633, -0.14709, 0.813055, -0.0, 0.0, 0.0, 0.0, 1.0],
                [0.708206, -0.323128, 0.627721, -0.0, -0.003915, 0.887304, 0.461169, 0.35, -0.705995, -0.32906, 0.627129, 0.0, 0.0, 0.0, 0.0, 1.0],
                [0.365853, -0.348954, 0.862776, 0.0, 0.217797, 0.933405, 0.285165, 0.35, -0.90483, 0.083581, 0.41749, 0.0, 0.0, 0.0, 0.0, 1.0],
                [1.0, -1e-06, 1e-06, 0.0, 1e-06, 1.0, 1e-06, 0.35, -1e-06, -1e-06, 1.0, -0.0, 0.0, 0.0, 0.0, 1.0],
                [0.939622, -0.010708, -0.342048, 0.0, 0.013348, 0.999897, 0.005365, 0.35, 0.341955, -0.009606, 0.939667, 0.0, 0.0, 0.0, 0.0, 1.0],
                [0.733243, -0.010708, -0.679883, 0.0, 0.014383, 0.999896, -0.000236, 0.35, 0.679815, -0.009606, 0.733321, 0.0, 0.0, 0.0, 0.0, 1.0]
            ]
        },
        {
            "name": "Head",
            "time": [0.0, 0.1667, 0.25, 0.3667, 0.6, 0.8, 0.95, 1.1, 1.3667, 1.55],
            "transform": [
                [0.359095, 0.011933, 0.933225, -0.0, 0.214534, 0.972087, -0.09498, 0.350001, -0.90831, 0.234316, 0.346511, 0.0, 0.0, 0.0, 0.0, 1.0],
                [0.144553, 0.143053, 0.979102, -0.0, 0.304043, 0.935203, -0.181528, 0.35, -0.941627, 0.32393, 0.091692, -0.0, 0.0, 0.0, 0.0, 1.0],
                [0.695417, -0.01979, 0.718334, -0.0, 0.072928, 0.996403, -0.04315, 0.35, -0.714896, 0.082394, 0.694359, -0.0, 0.0, 0.0, 0.0, 1.0],
                [0.403991, 0.244489, -0.881485, -0.0, 0.128968, 0.938774, 0.319486, 0.35, 0.905626, -0.242752, 0.347725, 0.0, 0.0, 0.0, 0.0, 1.0],
                [0.189654, 0.149359, -0.970424, -0.0, -0.276849, 0.956393, 0.093094, 0.35, 0.942012, 0.251005, 0.222733, 0.0, 0.0, 0.0, 0.0, 1.0],
                [0.048793, -0.048949, -0.997609, 0.0, -0.594965, 0.800837, -0.068394, 0.35, 0.802269, 0.596879, 0.009952, -0.0, 0.0, 0.0, 0.0, 1.0],
                [-0.345324, -0.34481, -0.872844, -0.0, -0.251526, 0.930037, -0.267892, 0.35, 0.904149, 0.127033, -0.407893, -0.0, 0.0, 0.0, 0.0, 1.0],
                [0.4973, 0.182454, 0.848177, 0.0, 0.013904, 0.975835, -0.218067, 0.35, -0.867467, 0.120238, 0.482746, 0.0, 0.0, 0.0, 0.0, 1.0],
                [-0.133783, -0.029277, 0.990578, -0.0, 0.160841, 0.985669, 0.050855, 0.35, -0.977872, 0.166129, -0.127157, 0.0, 0.0, 0.0, 0.0, 1.0],
                [-0.502783, -0.113045, 0.856989, -0.0, 0.160841, 0.961864, 0.221242, 0.35, -0.849317, 0.249075, -0.465427, 0.0, 0.0, 0.0, 0.0, 1.0]
            ]
        },
        {
            "name": "Shoulder_R",
            "time": [0.0, 0.1667, 0.25, 0.3667, 0.6, 0.8, 0.95, 1.1, 1.3667, 1.55],
            "transform": [
                [0.093676, 0.909526, 0.404953, -0.0, -0.023641, -0.404595, 0.914191, 0.350001, 0.995322, -0.095211, -0.016398, 0.0, 0.0, 0.0, 0.0, 1.0],
                [0.017618, 0.906044, 0.422817, -0.0, -0.024641, -0.422361, 0.906093, 0.35, 0.999541, -0.026382, 0.014885, -0.0, 0.0, 0.0, 0.0, 1.0],
                [0.226795, 0.886718, 0.402858, -0.0, -0.080055, -0.395265, 0.915072, 0.35, 0.970647, -0.239785, -0.018658, -0.0, 0.0, 0.0, 0.0, 1.0],
                [0.356175, 0.923694, 0.14117, -0.0, -0.072035, -0.123486, 0.989728, 0.35, 0.931638, -0.362686, 0.022556, 0.0, 0.0, 0.0, 0.0, 1.0],
                [0.242902, 0.925513, 0.290558, -0.0, -0.069457, -0.282167, 0.956848, 0.35, 0.967561, -0.252601, -0.004255, 0.0, 0.0, 0.0, 0.0, 1.0],
                [0.144651, 0.898345, 0.414792, 0.0, -0.052018, -0.411717, 0.909826, 0.35, 0.988115, -0.153185, -0.012825, -0.0, 0.0, 0.0, 0.0, 1.0],
                [0.113422, 0.901433, 0.417797, -0.0, -0.040976, -0.415909, 0.908482, 0.35, 0.992702, -0.120162, -0.010236, -0.0, 0.0, 0.0, 0.0, 1.0],
                [0.104557, 0.990351, 0.090958, 0.0, -0.018611, -0.089495, 0.995813, 0.35, 0.994345, -0.105812, 0.009074, 0.0, 0.0, 0.0, 0.0, 1.0],
                [0.170302, 0.891901, 0.418939, -0.0, -0.039645, -0.418604, 0.907303, 0.35, 0.984594, -0.171124, -0.03593, 0.0, 0.0, 0.0, 0.0, 1.0],
                [0.170302, 0.891901, 0.418939, -0.0, -0.039645, -0.418604, 0.907303, 0.35, 0.984594, -0.171124, -0.03593, 0.0, 0.0, 0.0, 0.0, 1.0]
            ]
        },
        {
            "name": "Arm_R",
            "time": [0.0, 0.1667, 0.25, 0.3667, 0.6, 0.8, 0.95, 1.0333, 1.1, 1.3667, 1.55],
            "transform": [
                [0.622113, -0.504937, -0.598344, -0.0, 0.691985, -0.002884, 0.721907, 0.388213, -0.366243, -0.863151, 0.347614, 0.0, 0.0, 0.0, 0.0, 1.0],
                [-0.136471, -0.793094, -0.593613, 0.0, 0.984229, -0.176631, 0.009714, 0.388213, -0.112555, -0.582926, 0.804692, 0.0, 0.0, 0.0, 0.0, 1.0],
                [0.409818, -0.838593, -0.358903, 0.0, 0.130826, -0.335359, 0.932963, 0.388213, -0.902737, -0.429298, -0.027726, -0.0, 0.0, 0.0, 0.0, 1.0],
                [-0.018944, -0.999821, 0.000352, -0.0, 0.215634, -0.003742, 0.976467, 0.388213, -0.97629, 0.018574, 0.215666, 0.0, 0.0, 0.0, 0.0, 1.0],
                [0.642293, -0.619242, 0.451663, 0.0, 0.733472, 0.325568, -0.596678, 0.388213, 0.222441, 0.714523, 0.663306, -0.0, 0.0, 0.0, 0.0, 1.0],
                [0.838636, -0.478419, 0.260392, -0.0, 0.432028, 0.2931, -0.852904, 0.388213, 0.331725, 0.827772, 0.452495, 0.0, 0.0, 0.0, 0.0, 1.0],
                [0.344912, -0.513119, -0.785967, -0.0, -0.231487, 0.764985, -0.601008, 0.388213, 0.909643, 0.389237, 0.145072, 0.0, 0.0, 0.0, 0.0, 1.0],
                [0.281968, -0.894796, -0.346169, -0.0, -0.703801, 0.052302, -0.708469, 0.388213, 0.65204, 0.4434, -0.615012, -0.0, 0.0, 0.0, 0.0, 1.0],
                [0.242126, -0.295788, -0.924059, 0.0, -0.720783, 0.582713, -0.375387, 0.388213, 0.649497, 0.756936, -0.072109, -0.0, 0.0, 0.0, 0.0, 1.0],
                [-0.023082, -0.150931, -0.988275, -0.0, 0.157295, 0.975678, -0.152681, 0.388213, 0.987282, -0.158975, 0.00122, -0.0, 0.0, 0.0, 0.0, 1.0],
                [-0.776539, -0.187318, -0.601581, -0.0, 0.441694, 0.519053, -0.731772, 0.388213, 0.449326, -0.833964, -0.320327, -0.0, 0.0, 0.0, 0.0, 1.0]
            ]
        },
        {
            "name": "Hand_R",
            "time": [0.0, 0.1667, 0.25, 0.3667, 0.6, 0.8, 0.95, 1.1, 1.3667, 1.55],
            "transform": [
                [0.999109, 0.035189, 0.02331, 0.0, -0.035555, 0.999248, 0.015467, 0.329779, -0.022748, -0.016282, 0.999608, 0.0, 0.0, 0.0, 0.0, 1.0],
                [0.683246, -0.510422, 0.522153, 0.0, 0.2859, 0.845006, 0.451915, 0.329779, -0.67189, -0.159486, 0.723277, -0.0, 0.0, 0.0, 0.0, 1.0],
                [1.000001, 1e-06, -0.0, -0.0, -1e-06, 0.891333, -0.453347, 0.329779, -0.0, 0.453347, 0.891333, 0.0, 0.0, 0.0, 0.0, 1.0],
                [1.0, 0.0, 0.0, -0.0, -0.0, 0.902716, 0.430238, 0.329779, -0.0, -0.430238, 0.902716, -0.0, 0.0, 0.0, 0.0, 1.0],
                [1.0, 0.0, 0.0, 0.0, -0.0, 0.974949, -0.222429, 0.329779, -0.0, 0.22243, 0.974949, 0.0, 0.0, 0.0, 0.0, 1.0],
                [0.999999, 0.0, 0.0, 0.0, -0.0, 1.000001, -0.0, 0.329779, -0.0, 0.0, 0.999999, -0.0, 0.0, 0.0, 0.0, 1.0],
                [1.0, 0.0, 0.0, 0.0, -0.0, 1.0, -0.0, 0.329779, -0.0, 0.0, 0.999999, -0.0, 0.0, 0.0, 0.0, 1.0],
                [0.960042, 1e-06, 0.279859, -0.0, -1e-06, 1.000002, -0.0, 0.329779, -0.279859, 0.0, 0.960041, 0.0, 0.0, 0.0, 0.0, 1.0],
                [0.999928, 0.010173, 0.006368, -0.0, -0.004952, 0.833059, -0.553162, 0.329779, -0.010933, 0.553091, 0.833049, 0.0, 0.0, 0.0, 0.0, 1.0],
                [0.999999, -0.001128, 0.000658, -0.0, 0.001303, 0.833094, -0.55313, 0.329779, 7.6e-05, 0.55313, 0.833094, -0.0, 0.0, 0.0, 0.0, 1.0]
            ]
        },
        {
            "name": "Tool_R",
            "time": [0.0, 0.1667, 0.25, 0.3667, 0.6, 0.8, 0.95, 1.1, 1.3667, 1.55],
            "transform": [
                [1.0, -0.0, 0.0, -0.02, 0.0, -0.975575, -0.219667, 0.291425, 0.0, 0.219667, -0.975575, 0.0, 0.0, 0.0, 0.0, 1.0],
                [1.0, -0.0, 0.0, -0.02, 0.0, -0.975575, -0.219667, 0.291425, 0.0, 0.219667, -0.975575, -0.0, 0.0, 0.0, 0.0, 1.0],
                [1.0, 0.0, 0.0, -0.02, 0.0, -0.962127, -0.272603, 0.291425, -0.0, 0.272603, -0.962127, 0.0, 0.0, 0.0, 0.0, 1.0],
                [1.0, 0.0, 0.0, -0.02, -0.0, -0.938485, -0.34532, 0.291425, 0.0, 0.34532, -0.938486, -0.0, 0.0, 0.0, 0.0, 1.0],
                [1.0, 0.0, 0.0, -0.02, 0.0, -0.922461, -0.386091, 0.291425, 0.0, 0.386091, -0.922461, -0.0, 0.0, 0.0, 0.0, 1.0],
                [1.0, 0.0, 0.0, -0.02, -0.0, -0.907316, -0.420449, 0.291425, 0.0, 0.42045, -0.907317, -0.0, 0.0, 0.0, 0.0, 1.0],
                [0.999963, 0.001996, -0.00833, -0.02, -0.004542, -0.70101, -0.713137, 0.291425, -0.007262, 0.713148, -0.700976, -0.0, 0.0, 0.0, 0.0, 1.0],
                [0.999835, -0.010519, 0.014833, -0.02, 0.010383, -0.339404, -0.940583, 0.291425, 0.014928, 0.940582, -0.339238, 0.0, 0.0, 0.0, 0.0, 1.0],
                [0.69689, 0.269465, -0.66463, -0.02, -0.472315, -0.524936, -0.708068, 0.291425, -0.539688, 0.807361, -0.238551, 0.0, 0.0, 0.0, 0.0, 1.0],
                [0.69689, 0.269465, -0.66463, -0.02, -0.472315, -0.524937, -0.708068, 0.291425, -0.539688, 0.807361, -0.238551, 0.0, 0.0, 0.0, 0.0, 1.0]
            ]
        },
        {
            "name": "Elbow_R",
            "time": [0.0, 0.1667, 0.25, 0.3667, 0.6, 0.8, 0.95, 1.1, 1.3667, 1.55],
            "transform": [
                [-0.99999, -1.3e-05, -7e-06, -0.0, 2e-06, -0.008137, -0.999965, 0.329779, 1.5e-05, -0.999957, 0.008142, -0.0, 0.0, 0.0, 0.0, 1.0],
                [-1.0, 0.0, -1e-06, -0.0, 0.0, -0.108303, -0.994118, 0.329779, -0.0, -0.994118, 0.108303, 0.0, 0.0, 0.0, 0.0, 1.0],
                [-1.0, 0.0, -0.0, -0.0, 0.0, 0.233094, -0.972454, 0.329779, -0.0, -0.972455, -0.233094, 0.0, 0.0, 0.0, 0.0, 1.0],
                [-1.0, -0.0, -0.0, -0.0, 1e-06, -0.22055, -0.975376, 0.329779, -0.0, -0.975376, 0.22055, -0.0, 0.0, 0.0, 0.0, 1.0],
                [-1.0, 0.0, -0.0, -0.0, 0.0, 0.111918, -0.993718, 0.329779, 0.0, -0.993718, -0.111918, 0.0, 0.0, 0.0, 0.0, 1.0],
                [-0.999999, 0.0, -0.0, 0.0, 1e-06, 0.0, -1.0, 0.329779, -0.0, -1.0, -0.0, -0.0, 0.0, 0.0, 0.0, 1.0],
                [-1.0, -0.0, -0.0, 0.0, 0.0, 0.0, -1.0, 0.329779, 0.0, -1.0, -0.0, -0.0, 0.0, 0.0, 0.0, 1.0],
                [-1.0, 0.0, -0.0, -0.0, 0.0, 0.0, -1.000001, 0.329779, -0.0, -1.0, -0.0, -0.0, 0.0, 0.0, 0.0, 1.0],
                [-1.0, 0.0, -0.0, -0.0, 0.0, 0.288878, -0.957366, 0.329779, -0.0, -0.957366, -0.288878, -0.0, 0.0, 0.0, 0.0, 1.0],
                [-1.0, 0.0, -0.0, -0.0, 1e-06, 0.288882, -0.957365, 0.329779, -0.0, -0.957365, -0.288882, 0.0, 0.0, 0.0, 0.0, 1.0]
            ]
        },
        {
            "name": "Shoulder_L",
            "time": [0.0, 0.1667, 0.25, 0.3667, 0.6, 0.8, 0.95, 1.1, 1.3667, 1.55],
            "transform": [
                [0.542259, -0.822802, -0.170154, -0.0, -0.208016, -0.327677, 0.921606, 0.350001, -0.814055, -0.464355, -0.348841, 0.0, 0.0, 0.0, 0.0, 1.0],
                [0.200122, -0.96785, -0.152373, -0.0, 0.041972, -0.146908, 0.988259, 0.35, -0.978872, -0.204168, 0.011223, -0.0, 0.0, 0.0, 0.0, 1.0],
                [-0.234811, -0.964027, -0.12456, -0.0, -0.013471, -0.124903, 0.992077, 0.35, -0.971948, 0.234628, 0.016342, -0.0, 0.0, 0.0, 0.0, 1.0],
                [-0.513123, -0.852803, -0.09712, -0.0, 0.000427, -0.113406, 0.993549, 0.35, -0.858315, 0.509771, 0.058556, 0.0, 0.0, 0.0, 0.0, 1.0],
                [-0.275961, -0.923486, -0.266495, -0.0, -0.038963, -0.266286, 0.963106, 0.35, -0.960379, 0.276164, 0.037503, 0.0, 0.0, 0.0, 0.0, 1.0],
                [0.200887, -0.890927, -0.407301, 0.0, 0.071404, -0.401353, 0.913136, 0.35, -0.977009, -0.21252, -0.01701, -0.0, 0.0, 0.0, 0.0, 1.0],
                [0.109551, -0.90945, -0.401122, -0.0, 0.189521, -0.377036, 0.906601, 0.35, -0.975746, -0.17534, 0.131055, -0.0, 0.0, 0.0, 0.0, 1.0],
                [0.335137, -0.932634, -0.133705, 0.0, 0.066514, -0.118138, 0.990768, 0.35, -0.939819, -0.340936, 0.022441, 0.0, 0.0, 0.0, 0.0, 1.0],
                [0.54241, -0.823024, -0.168588, -0.0, -0.209867, -0.327053, 0.921407, 0.35, -0.813478, -0.4644, -0.350123, 0.0, 0.0, 0.0, 0.0, 1.0],
                [0.54241, -0.823024, -0.168588, -0.0, -0.209867, -0.327053, 0.921408, 0.35, -0.813478, -0.4644, -0.350123, 0.0, 0.0, 0.0, 0.0, 1.0]
            ]
        },
        {
            "name": "Arm_L",
            "time": [0.0, 0.1667, 0.25, 0.3667, 0.6, 0.8, 0.95, 1.1, 1.3667, 1.55],
            "transform": [
                [-0.06787, 0.165104, 0.983938, -0.0, -0.885157, 0.445055, -0.135737, 0.388212, -0.460318, -0.880151, 0.115937, -0.0, 0.0, 0.0, 0.0, 1.0],
                [0.09462, 0.326243, 0.940539, 0.0, -0.069514, 0.944636, -0.320673, 0.388212, -0.993084, -0.035037, 0.11206, -0.0, 0.0, 0.0, 0.0, 1.0],
                [0.086323, 0.863018, 0.497743, -0.0, 0.074555, 0.492611, -0.86705, 0.388212, -0.993473, 0.111956, -0.021818, -0.0, 0.0, 0.0, 0.0, 1.0],
                [-0.190549, 0.961633, 0.197367, 0.0, -0.161658, 0.167569, -0.972516, 0.388212, -0.968276, -0.217218, 0.123525, 0.0, 0.0, 0.0, 0.0, 1.0],
                [-0.571874, 0.724485, -0.384815, -0.0, 0.071055, -0.423583, -0.903066, 0.388212, -0.817258, -0.543783, 0.190758, 0.0, 0.0, 0.0, 0.0, 1.0],
                [0.119803, 0.992063, 0.038187, 0.0, 0.012831, 0.036913, -0.999237, 0.388212, -0.992714, 0.120201, -0.008307, -0.0, 0.0, 0.0, 0.0, 1.0],
                [-0.794499, 0.596782, -0.112351, 0.0, -0.03236, -0.226356, -0.973507, 0.388212, -0.606403, -0.769814, 0.199152, -0.0, 0.0, 0.0, 0.0, 1.0],
                [0.598531, 0.799775, 0.046051, 0.0, -0.232145, 0.228176, -0.94554, 0.388212, -0.766726, 0.555245, 0.322233, -0.0, 0.0, 0.0, 0.0, 1.0],
                [0.963071, 0.269246, -0.001328, -0.0, -0.267779, 0.958312, 0.099662, 0.388212, 0.028106, -0.095626, 0.995021, -0.0, 0.0, 0.0, 0.0, 1.0],
                [0.459187, 0.217481, 0.861307, -0.0, -0.743618, 0.624524, 0.238751, 0.388212, -0.485983, -0.750114, 0.448496, -0.0, 0.0, 0.0, 0.0, 1.0]
            ]
        },
        {
            "name": "Hand_L",
            "time": [0.0, 0.1667, 0.25, 0.3667, 0.6, 0.8, 0.95, 1.1, 1.3667, 1.55],
            "transform": [
                [0.999935, -0.011051, 0.002609, 0.0, 0.010925, 0.873801, -0.486162, 0.329779, 0.003093, 0.486159, 0.873865, 0.0, 0.0, 0.0, 0.0, 1.0],
                [1.000001, 0.0, 0.0, -0.0, -0.0, 0.996346, -0.08541, 0.329779, -1e-06, 0.085409, 0.996345, -0.0, 0.0, 0.0, 0.0, 1.0],
                [1.0, 0.001265, 0.000749, 0.0, -0.000487, 0.765744, -0.643144, 0.329779, -0.001388, 0.643143, 0.765744, -0.0, 0.0, 0.0, 0.0, 1.0],
                [0.999995, 0.003279, 0.000323, -0.0, 0.000324, -0.000137, -1.0, 0.329779, -0.003279, 0.999994, -0.000138, -0.0, 0.0, 0.0, 0.0, 1.0],
                [0.999999, 0.001492, 0.000348, 0.0, -5e-05, 0.259321, -0.965791, 0.329779, -0.001531, 0.96579, 0.259321, -0.0, 0.0, 0.0, 0.0, 1.0],
                [1.000001, 1e-06, -0.0, -0.0, -0.0, 0.468074, -0.883689, 0.329779, -0.0, 0.883689, 0.468074, 0.0, 0.0, 0.0, 0.0, 1.0],
                [0.999999, 0.000524, -0.001176, 0.0, -0.001175, 0.744965, -0.667102, 0.329779, 0.000527, 0.667103, 0.744965, -0.0, 0.0, 0.0, 0.0, 1.0],
                [1.0, 1e-06, 0.0, 0.0, -0.0, 0.722736, -0.691123, 0.329779, -1e-06, 0.691123, 0.722737, -0.0, 0.0, 0.0, 0.0, 1.0],
                [1.0, 0.0, 0.0, -0.0, -0.0, 1.0, 0.0, 0.329779, -0.0, -0.0, 1.0, -0.0, 0.0, 0.0, 0.0, 1.0],
                [1.0, 1e-06, 0.0, -0.0, -0.0, 0.85603, -0.516926, 0.329779, -1e-06, 0.516926, 0.85603, -0.0, 0.0, 0.0, 0.0, 1.0]
            ]
        },
        {
            "name": "Tool_L",
            "time": [0.0, 0.1667, 0.25, 0.3667, 0.6, 0.8, 0.95, 1.1, 1.3667, 1.55],
            "transform": [
                [1.0, 0.0, 0.0, 0.02, -0.0, -1.0, 0.0, 0.291426, 0.0, 0.0, -1.0, -0.0, 0.0, 0.0, 0.0, 1.0],
                [1.0, -0.0, 0.0, 0.02, -0.0, -1.0, -0.0, 0.291426, 0.0, 0.0, -1.0, -0.0, 0.0, 0.0, 0.0, 1.0],
                [1.0, 0.0, 0.0, 0.02, -0.0, -1.0, -0.0, 0.291426, 0.0, -0.0, -1.0, -0.0, 0.0, 0.0, 0.0, 1.0],
                [1.0, 0.0, 0.0, 0.02, -0.0, -1.0, -0.0, 0.291426, 0.0, 0.0, -1.0, -0.0, 0.0, 0.0, 0.0, 1.0],
                [1.0, 0.0, 0.0, 0.02, -0.0, -1.0, 0.0, 0.291426, 0.0, 0.0, -1.0, 0.0, 0.0, 0.0, 0.0, 1.0],
                [1.0, -0.0, 0.0, 0.02, -0.0, -1.0, -0.0, 0.291426, 0.0, 0.0, -1.0, -0.0, 0.0, 0.0, 0.0, 1.0],
                [1.0, 0.0, 0.0, 0.02, 0.0, -1.0, -0.0, 0.291426, 0.0, -0.0, -1.0, -0.0, 0.0, 0.0, 0.0, 1.0],
                [1.000001, -0.0, 0.0, 0.02, 0.0, -1.0, 0.0, 0.291425, 0.0, 0.0, -0.999999, 0.0, 0.0, 0.0, 0.0, 1.0],
                [1.0, 0.0, 0.0, 0.02, -0.0, -1.0, 0.0, 0.291426, 0.0, 0.0, -1.0, -0.0, 0.0, 0.0, 0.0, 1.0],
                [1.0, 0.0, 0.0, 0.02, -0.0, -1.0, -0.0, 0.291426, 0.0, -0.0, -1.0, -0.0, 0.0, 0.0, 0.0, 1.0]
            ]
        },
        {
            "name": "Elbow_L",
            "time": [0.0, 0.1667, 0.25, 0.3667, 0.6, 0.8, 0.95, 1.1, 1.3667, 1.55],
            "transform": [
                [-1.0, -0.0, -0.0, 0.0, 0.0, 0.251128, -0.967954, 0.329779, 0.0, -0.967954, -0.251128, 0.0, 0.0, 0.0, 0.0, 1.0],
                [-1.0, -0.0, -0.0, 0.0, 1e-06, 0.042744, -0.999086, 0.329779, 0.0, -0.999086, -0.042743, -0.0, 0.0, 0.0, 0.0, 1.0],
                [-1.0, -0.0, -0.0, 0.0, 0.0, 0.342239, -0.939613, 0.329779, 0.0, -0.939613, -0.342239, -0.0, 0.0, 0.0, 0.0, 1.0],
                [-1.0, 0.0, -0.0, -0.0, 0.0, 0.707155, -0.707058, 0.329779, 0.0, -0.707058, -0.707156, 0.0, 0.0, 0.0, 0.0, 1.0],
                [-1.0, 0.0, -0.0, 0.0, 1e-06, 0.608555, -0.793512, 0.329779, 0.0, -0.793512, -0.608555, 0.0, 0.0, 0.0, 0.0, 1.0],
                [-1.0, 0.0, -0.0, -0.0, 0.0, 0.515716, -0.85676, 0.329779, 0.0, -0.85676, -0.515716, -0.0, 0.0, 0.0, 0.0, 1.0],
                [-1.0, -0.0, -0.0, 0.0, 0.0, 0.357095, -0.934068, 0.329779, 0.0, -0.934068, -0.357095, 0.0, 0.0, 0.0, 0.0, 1.0],
                [-1.0, -0.0, -0.0, -0.0, 0.0, 0.372332, -0.928099, 0.329779, 0.0, -0.9281, -0.372332, -0.0, 0.0, 0.0, 0.0, 1.0],
                [-1.0, -0.0, -0.0, -0.0, 0.0, -0.0, -1.0, 0.329779, 0.0, -1.0, 0.0, -0.0, 0.0, 0.0, 0.0, 1.0],
                [-1.0, -0.0, -1e-06, -0.0, 1e-06, 0.2683, -0.963335, 0.329779, 0.0, -0.963335, -0.2683, -0.0, 0.0, 0.0, 0.0, 1.0]
            ]
        }
    ]
}