{
    "animation": [
        {
            "name": "Root",
            "time": [0.0, 0.2, 0.3, 0.3667, 0.4, 0.5],
            "transform": [
                [0.996127, -0.000156, -0.087926, -5e-06, -0.087926, -0.000774, -0.996127, 0.000947, 8.7e-05, 1.0, -0.000784, 0.737694, 0.0, 0.0, 0.0, 1.0],
                [0.976404, -0.000185, 0.21595, -5e-06, 0.21595, -0.000545, -0.976404, 0.000947, 0.000299, 1.0, -0.000492, 0.701417, 0.0, 0.0, 0.0, 1.0],
                [0.998932, -0.000154, -0.04621, -5e-06, -0.04621, -0.000311, -0.998932, 0.000947, 0.000139, 1.0, -0.000318, 0.66514, 0.0, 0.0, 0.0, 1.0],
                [0.952971, -6.4e-05, -0.303061, -5e-06, -0.303061, -9.5e-05, -0.952971, 0.000947, 3.2e-05, 1.0, -0.00011, 0.628863, 0.0, 0.0, 0.0, 1.0],
                [0.906794, -0.0, -0.421575, -5e-06, -0.421575, 0.0, -0.906794, 0.000947, 0.0, 1.0, -0.0, 0.610724, 0.0, 0.0, 0.0, 1.0],
                [0.906794, -0.0, -0.421575, -5e-06, -0.421575, 0.0, -0.906794, 0.000947, 0.0, 1.0, -0.0, 0.610724, 0.0, 0.0, 0.0, 1.0]
            ]
        },
        {
            "name": "Thigh_R",
            "time": [0.0, 0.2, 0.3, 0.3667, 0.4, 0.5],
            "transform": [
                [0.903117, 0.287809, 0.318661, 0.124994, 0.214982, -0.945475, 0.244658, -0.00283, 0.371701, -0.152448, -0.91575, -1.2e-05, 0.0, 0.0, 0.0, 1.0],
                [0.906887, 0.331209, 0.260491, 0.124994, 0.272992, -0.932733, 0.235545, -0.00283, 0.320983, -0.142501, -0.936303, -1.2e-05, 0.0, 0.0, 0.0, 1.0],
                [0.905048, 0.37431, 0.20194, 0.124994, 0.329721, -0.917418, 0.222771, -0.00283, 0.268649, -0.135035, -0.953726, -1.2e-05, 0.0, 0.0, 0.0, 1.0],
                [0.897629, 0.416725, 0.143535, 0.124994, 0.38466, -0.899672, 0.20646, -0.00283, 0.215172, -0.130112, -0.96787, -1.2e-05, 0.0, 0.0, 0.0, 1.0],
                [0.891863, 0.43756, 0.114551, 0.124994, 0.411311, -0.889944, 0.197033, -0.002831, 0.188157, -0.12861, -0.973682, -1.2e-05, 0.0, 0.0, 0.0, 1.0],
                [0.891863, 0.43756, 0.114551, 0.124994, 0.411311, -0.889944, 0.197033, -0.002831, 0.188157, -0.12861, -0.973682, -1.2e-05, 0.0, 0.0, 0.0, 1.0]
            ]
        },
        {
            "name": "Leg_R",
            "time": [0.0, 0.2, 0.3, 0.3667, 0.4, 0.5],
            "transform": [
                [0.999407, 0.006, -0.033932, 0.0, 0.008718, 0.908671, 0.417428, 0.37472, 0.033338, -0.417475, 0.908076, 0.0, 0.0, 0.0, 0.0, 1.0],
                [0.99771, 0.029819, -0.060717, 0.0, 0.008703, 0.833552, 0.552375, 0.37472, 0.067082, -0.551638, 0.831381, 0.0, 0.0, 0.0, 0.0, 1.0],
                [0.994948, 0.060603, -0.080047, 0.0, 0.009348, 0.737902, 0.674845, 0.37472, 0.099965, -0.672184, 0.733606, -0.0, 0.0, 0.0, 0.0, 1.0],
                [0.991158, 0.088007, -0.099308, -0.0, 0.022499, 0.626107, 0.779414, 0.37472, 0.130772, -0.774756, 0.61859, -0.0, 0.0, 0.0, 0.0, 1.0],
                [0.988947, 0.102493, -0.107149, -0.0, 0.030683, 0.565534, 0.824154, 0.37472, 0.145067, -0.818332, 0.556138, -0.0, 0.0, 0.0, 0.0, 1.0],
                [0.988947, 0.102493, -0.107149, -0.0, 0.030683, 0.565534, 0.824154, 0.37472, 0.145067, -0.818332, 0.556138, -0.0, 0.0, 0.0, 0.0, 1.0]
            ]
        },
        {
            "name": "Knee_R",
            "time": [0.0, 0.2, 0.3, 0.3667, 0.4, 0.5],
            "transform": [
                [0.999849, 0.001167, -0.017299, 0.0, -0.017148, 0.213702, -0.976749, 0.37472, 0.002557, 0.976898, 0.21369, 0.0, 0.0, 0.0, 0.0, 1.0],
                [0.999414, 0.010439, -0.032581, 0.0, -0.034207, 0.288341, -0.956916, 0.37472, -0.000595, 0.95747, 0.28853, 0.0, 0.0, 0.0, 0.0, 1.0],
                [0.998691, 0.022824, -0.045769, 0.0, -0.050927, 0.361403, -0.931018, 0.37472, -0.004708, 0.93213, 0.362092, -0.0, 0.0, 0.0, 0.0, 1.0],
                [0.997672, 0.032756, -0.059816, -0.0, -0.068099, 0.431378, -0.899597, 0.37472, -0.003664, 0.901576, 0.432604, 0.0, 0.0, 0.0, 0.0, 1.0],
                [0.997063, 0.038053, -0.06647, -0.0, -0.076545, 0.464866, -0.882066, 0.37472, -0.002666, 0.884563, 0.466413, 0.0, 0.0, 0.0, 0.0, 1.0],
                [0.997063, 0.038053, -0.06647, -0.0, -0.076545, 0.464866, -0.882066, 0.37472, -0.002666, 0.884563, 0.466413, 0.0, 0.0, 0.0, 0.0, 1.0]
            ]
        },
        {
            "name": "Thigh_L",
            "time": [0.0, 0.2, 0.3, 0.3667, 0.4, 0.5],
            "transform": [
                [0.817945, -0.296959, -0.492728, -0.127867, -0.055404, -0.893157, 0.446319, 3e-05, -0.572622, -0.337765, -0.747006, 0.002849, 0.0, 0.0, 0.0, 1.0],
                [0.888284, -0.336491, -0.312609, -0.130727, -0.115937, -0.822862, 0.556288, 0.002891, -0.44442, -0.457899, -0.769947, 0.00571, 0.0, 0.0, 0.0, 1.0],
                [0.929935, -0.347979, -0.118873, -0.133588, -0.194228, -0.739305, 0.64475, 0.005751, -0.312243, -0.576487, -0.755093, 0.00857, 0.0, 0.0, 0.0, 1.0],
                [0.940583, -0.331124, 0.075234, -0.136449, -0.284717, -0.648325, 0.706124, 0.008612, -0.185038, -0.685588, -0.704081, 0.011431, 0.0, 0.0, 0.0, 1.0],
                [0.9347, -0.312996, 0.168433, -0.137879, -0.332428, -0.602072, 0.725949, 0.010042, -0.12581, -0.734536, -0.666805, 0.012861, 0.0, 0.0, 0.0, 1.0],
                [0.9347, -0.312996, 0.168433, -0.137879, -0.332428, -0.602072, 0.725949, 0.010042, -0.12581, -0.734536, -0.666805, 0.012861, 0.0, 0.0, 0.0, 1.0]
            ]
        },
        {
            "name": "Leg_L",
            "time": [0.0, 0.2, 0.3, 0.3667, 0.4, 0.5],
            "transform": [
                [0.999841, -0.005887, 0.016853, -0.0, -0.002023, 0.900595, 0.434654, 0.37472, -0.017736, -0.434619, 0.90044, -0.0, 0.0, 0.0, 0.0, 1.0],
                [0.999359, -0.01378, 0.033033, -0.0, -0.006149, 0.843097, 0.537726, 0.37472, -0.035259, -0.537585, 0.842472, -0.0, 0.0, 0.0, 0.0, 1.0],
                [0.998561, -0.023539, 0.048184, -0.0, -0.012323, 0.773751, 0.63337, 0.37472, -0.052191, -0.633052, 0.772348, -0.0, 0.0, 0.0, 0.0, 1.0],
                [0.997464, -0.034946, 0.061988, 0.0, -0.020402, 0.6941, 0.71959, 0.37472, -0.068173, -0.719029, 0.691627, 0.0, 0.0, 0.0, 0.0, 1.0],
                [0.996813, -0.041182, 0.068304, -0.0, -0.025089, 0.651005, 0.758659, 0.37472, -0.075709, -0.757955, 0.647897, 0.0, 0.0, 0.0, 0.0, 1.0],
                [0.996813, -0.041182, 0.068304, -0.0, -0.025089, 0.651005, 0.758659, 0.37472, -0.075709, -0.757955, 0.647897, 0.0, 0.0, 0.0, 0.0, 1.0]
            ]
        },
        {
            "name": "Knee_L",
            "time": [0.0, 0.2, 0.3, 0.3667, 0.4, 0.5],
            "transform": [
                [0.99996, -0.001992, 0.008757, 0.0, 0.008981, 0.222935, -0.974792, 0.37472, -1e-05, 0.974831, 0.222944, 0.0, 0.0, 0.0, 0.0, 1.0],
                [0.999837, -0.004529, 0.017502, -0.0, 0.01807, 0.280068, -0.95981, 0.37472, -0.000555, 0.95997, 0.280104, -0.0, 0.0, 0.0, 0.0, 1.0],
                [0.999629, -0.007596, 0.026139, -0.0, 0.027171, 0.336287, -0.941368, 0.37472, -0.001639, 0.941729, 0.336368, -0.0, 0.0, 0.0, 0.0, 1.0],
                [0.99934, -0.011161, 0.034575, 0.0, 0.036186, 0.390997, -0.919681, 0.37472, -0.003254, 0.920325, 0.391142, 0.0, 0.0, 0.0, 0.0, 1.0],
                [0.999165, -0.013116, 0.038692, -0.0, 0.040633, 0.417614, -0.907715, 0.37472, -0.004253, 0.908529, 0.417799, 0.0, 0.0, 0.0, 0.0, 1.0],
                [0.999165, -0.013116, 0.038692, -0.0, 0.040633, 0.417614, -0.907715, 0.37472, -0.004253, 0.908529, 0.417799, 0.0, 0.0, 0.0, 0.0, 1.0]
            ]
        },
        {
            "name": "Torso",
            "time": [0.0, 0.2, 0.3, 0.3667, 0.4, 0.5],
            "transform": [
                [0.999679, -0.025348, -0.000389, 0.0, 0.025351, 0.999562, 0.015306, 0.05, 0.0, -0.015311, 0.999883, 0.0, 0.0, 0.0, 0.0, 1.0],
                [0.998707, -0.05081, -0.001569, -0.0, 0.050835, 0.998232, 0.030806, 0.05, 0.0, -0.030846, 0.999524, -0.0, 0.0, 0.0, 0.0, 1.0],
                [0.997089, -0.076168, -0.003554, -0.0, 0.07625, 0.996006, 0.046462, 0.05, 0.0, -0.046597, 0.998914, -0.0, 0.0, 0.0, 0.0, 1.0],
                [0.994777, -0.10187, -0.00638, -0.0, 0.102069, 0.992832, 0.06218, 0.05, 0.0, -0.062506, 0.998045, -0.0, 0.0, 0.0, 0.0, 1.0],
                [0.993376, -0.114623, -0.008105, 0.0, 0.114909, 0.990902, 0.070062, 0.05, 0.0, -0.07053, 0.99751, 0.0, 0.0, 0.0, 0.0, 1.0],
                [0.993376, -0.114623, -0.008105, 0.0, 0.114909, 0.990902, 0.070062, 0.05, 0.0, -0.07053, 0.99751, 0.0, 0.0, 0.0, 0.0, 1.0]
            ]
        },
        {
            "name": "Chest",
            "time": [0.0, 0.2, 0.3, 0.3667, 0.4, 0.5],
            "transform": [
                [0.994209, -0.010231, -0.106977, 0.0, 0.012844, 0.999635, 0.023763, 0.35, 0.106695, -0.024999, 0.993977, 0.0, 0.0, 0.0, 0.0, 1.0],
                [0.976336, -0.016879, -0.215602, -0.0, 0.028884, 0.998195, 0.052652, 0.35, 0.214324, -0.057634, 0.975061, 0.0, 0.0, 0.0, 0.0, 1.0],
                [0.965396, -0.020804, -0.259958, 0.0, 0.050789, 0.992725, 0.109167, 0.35, 0.255796, -0.118592, 0.959429, 0.0, 0.0, 0.0, 0.0, 1.0],
                [0.789362, -0.011303, -0.613824, -0.0, 0.118158, 0.983935, 0.13383, 0.35, 0.60245, -0.178168, 0.778017, -0.0, 0.0, 0.0, 0.0, 1.0],
                [0.718642, -0.001842, -0.695378, -0.0, 0.144573, 0.978542, 0.146817, 0.35, 0.680186, -0.206042, 0.703487, 0.0, 0.0, 0.0, 0.0, 1.0],
                [0.718642, -0.001842, -0.695378, -0.0, 0.144573, 0.978542, 0.146817, 0.35, 0.680186, -0.206042, 0.703487, 0.0, 0.0, 0.0, 0.0, 1.0]
            ]
        },
        {
            "name": "Head",
            "time": [0.0, 0.2, 0.3, 0.3667, 0.4, 0.5],
            "transform": [
                [0.983961, 0.041108, 0.17358, 0.0, -0.040512, 0.999155, -0.006977, 0.35, -0.17372, -0.000167, 0.984795, 0.0, 0.0, 0.0, 0.0, 1.0],
                [0.993988, 0.102501, -0.038477, 0.0, -0.102497, 0.994731, 0.002097, 0.35, 0.03849, 0.001859, 0.999257, 0.0, 0.0, 0.0, 0.0, 1.0],
                [0.959674, 0.130354, 0.249067, 0.0, -0.119364, 0.991108, -0.058797, 0.35, -0.254517, 0.026696, 0.9667, 0.0, 0.0, 0.0, 0.0, 1.0],
                [0.615551, 0.144153, 0.774801, 0.0, -0.080449, 0.989487, -0.120182, 0.35, -0.78398, 0.011646, 0.620676, 0.0, 0.0, 0.0, 0.0, 1.0],
                [0.425651, 0.146756, 0.892908, 0.0, -0.042481, 0.988914, -0.142285, 0.350001, -0.90389, 0.022632, 0.427166, -0.0, 0.0, 0.0, 0.0, 1.0],
                [0.425651, 0.146756, 0.892908, 0.0, -0.042481, 0.988914, -0.142285, 0.350001, -0.90389, 0.022632, 0.427166, -0.0, 0.0, 0.0, 0.0, 1.0]
            ]
        },
        {
            "name": "Shoulder_R",
            "time": [0.0, 0.2, 0.4, 0.5],
            "transform": [
                [-0.042432, 0.9705, 0.237339, 0.0, 0.002835, -0.237435, 0.9714, 0.35, 0.999096, 0.041891, 0.007323, 0.0, 0.0, 0.0, 0.0, 1.0],
                [-0.084898, 0.972792, 0.215568, 0.0, 0.004742, -0.215952, 0.976393, 0.35, 0.996379, 0.083916, 0.013721, 0.0, 0.0, 0.0, 0.0, 1.0],
                [-0.190265, 0.968654, 0.159723, 0.0, 0.005391, -0.161662, 0.986833, 0.350001, 0.98172, 0.18862, 0.025537, -0.0, 0.0, 0.0, 0.0, 1.0],
                [-0.190265, 0.968654, 0.159723, 0.0, 0.005391, -0.161662, 0.986833, 0.350001, 0.98172, 0.18862, 0.025537, -0.0, 0.0, 0.0, 0.0, 1.0]
            ]
        },
        {
            "name": "Arm_R",
            "time": [0.0, 0.2, 0.3, 0.3667, 0.4, 0.5],
            "transform": [
                [0.364812, -0.582439, -0.726414, 0.0, 0.913332, 0.375468, 0.157634, 0.388213, 0.180933, -0.720964, 0.668935, -0.0, 0.0, 0.0, 0.0, 1.0],
                [-0.27852, -0.921063, -0.272156, 0.0, 0.720319, -0.012895, -0.693524, 0.388213, 0.635269, -0.389199, 0.667051, 0.0, 0.0, 0.0, 0.0, 1.0],
                [-0.133059, -0.987902, 0.079651, 0.0, 0.380985, -0.125173, -0.916069, 0.388213, 0.914957, -0.091545, 0.393031, -0.0, 0.0, 0.0, 0.0, 1.0],
                [-0.039759, -0.98665, 0.157925, -0.0, -0.117165, -0.152357, -0.981357, 0.388213, 0.992316, -0.057521, -0.109543, -0.0, 0.0, 0.0, 0.0, 1.0],
                [-0.002253, -0.916518, -0.399987, 0.0, -0.04591, 0.399661, -0.915513, 0.388213, 0.998943, 0.016301, -0.042978, -0.0, 0.0, 0.0, 0.0, 1.0],
                [-0.002253, -0.916518, -0.399987, 0.0, -0.04591, 0.399661, -0.915513, 0.388213, 0.998943, 0.016301, -0.042978, -0.0, 0.0, 0.0, 0.0, 1.0]
            ]
        },
        {
            "name": "Hand_R",
            "time": [0.0, 0.2, 0.3, 0.3667, 0.4, 0.5],
            "transform": [
                [0.999964, -0.008108, -0.002201, 0.0, 0.007778, 0.992457, -0.122341, 0.329779, 0.003176, 0.12232, 0.992485, -0.0, 0.0, 0.0, 0.0, 1.0],
                [0.999999, 0.0, 0.0, -0.0, -0.0, 0.999999, -0.001442, 0.329779, -0.0, 0.001442, 0.999997, -0.0, 0.0, 0.0, 0.0, 1.0],
                [0.999999, 0.0, 0.0, -0.0, -0.0, 0.999993, -0.003421, 0.329779, -0.0, 0.003421, 0.999992, -0.0, 0.0, 0.0, 0.0, 1.0],
                [0.999999, 0.0, -0.0, 0.0, -0.0, 0.848377, -0.529389, 0.329779, -0.0, 0.529388, 0.848377, 0.0, 0.0, 0.0, 0.0, 1.0],
                [0.999998, 0.0, -0.0, -0.0, -0.0, 0.443655, -0.896195, 0.329779, -0.0, 0.896195, 0.443655, 0.0, 0.0, 0.0, 0.0, 1.0],
                [0.999998, 0.0, -0.0, -0.0, -0.0, 0.443655, -0.896195, 0.329779, -0.0, 0.896195, 0.443655, 0.0, 0.0, 0.0, 0.0, 1.0]
            ]
        },
        {
            "name": "Tool_R",
            "time": [0.0, 0.2, 0.3, 0.3667, 0.4, 0.5],
            "transform": [
                [0.999949, -0.008949, -0.004607, -0.02, -0.009971, -0.943182, -0.332128, 0.287041, -0.001373, 0.332158, -0.943223, 0.000728, 0.0, 0.0, 0.0, 1.0],
                [0.999798, -0.018094, -0.008749, -0.02, -0.019836, -0.958492, -0.28443, 0.282656, -0.003239, 0.284546, -0.958657, 0.001455, 0.0, 0.0, 0.0, 1.0],
                [0.999548, -0.0274, -0.012415, -0.02, -0.029558, -0.971265, -0.236159, 0.278272, -0.005587, 0.236418, -0.971635, 0.002183, 0.0, 0.0, 0.0, 1.0],
                [0.9992, -0.036826, -0.015596, -0.02, -0.0391, -0.981485, -0.187508, 0.273887, -0.008402, 0.187968, -0.982139, 0.00291, 0.0, 0.0, 0.0, 1.0],
                [0.998991, -0.041573, -0.017003, -0.02, -0.043794, -0.985637, -0.163101, 0.271695, -0.009978, 0.163681, -0.986463, 0.003274, 0.0, 0.0, 0.0, 1.0],
                [0.998991, -0.041573, -0.017003, -0.02, -0.043794, -0.985637, -0.163101, 0.271695, -0.009978, 0.163681, -0.986463, 0.003274, 0.0, 0.0, 0.0, 1.0]
            ]
        },
        {
            "name": "Elbow_R",
            "time": [0.0, 0.2, 0.3, 0.3667, 0.4, 0.5],
            "transform": [
                [-0.999999, -0.0, -0.0, -0.0, 1e-06, 0.061276, -0.998121, 0.329779, 0.0, -0.99812, -0.061276, 0.0, 0.0, 0.0, 0.0, 1.0],
                [-0.999998, -0.0, -0.0, -0.0, 1e-06, 0.000721, -0.999999, 0.329779, -0.0, -0.999998, -0.000721, -0.0, 0.0, 0.0, 0.0, 1.0],
                [-0.999997, 0.0, 0.0, -0.0, 1e-06, 0.001711, -0.999997, 0.329779, -1e-06, -0.999996, -0.00171, -0.0, 0.0, 0.0, 0.0, 1.0],
                [-0.999999, 0.0, -1e-06, -0.0, 0.0, 0.275337, -0.961346, 0.329779, 0.0, -0.961346, -0.275337, 0.0, 0.0, 0.0, 0.0, 1.0],
                [-0.999998, 0.0, -0.0, -0.0, 0.0, 0.527419, -0.849603, 0.329779, -0.0, -0.849603, -0.527419, -0.0, 0.0, 0.0, 0.0, 1.0],
                [-0.999998, 0.0, -0.0, -0.0, 0.0, 0.527419, -0.849603, 0.329779, -0.0, -0.849603, -0.527419, -0.0, 0.0, 0.0, 0.0, 1.0]
            ]
        },
        {
            "name": "Shoulder_L",
            "time": [0.0, 0.2, 0.3, 0.3667, 0.4, 0.5],
            "transform": [
                [0.071429, -0.953207, -0.293758, 0.0, 0.023058, -0.292854, 0.955879, 0.35, -0.997179, -0.075051, 0.001061, 0.0, 0.0, 0.0, 0.0, 1.0],
                [0.141871, -0.93376, -0.328581, 0.0, 0.048693, -0.324954, 0.944476, 0.35, -0.988687, -0.149994, -0.000634, 0.0, 0.0, 0.0, 0.0, 1.0],
                [0.210575, -0.907774, -0.362772, 0.0, 0.076654, -0.354618, 0.931864, 0.35, -0.974568, -0.224036, -0.005089, 0.0, 0.0, 0.0, 0.0, 1.0],
                [0.276824, -0.875542, -0.395973, 0.0, 0.10664, -0.38154, 0.91818, 0.35, -0.954986, -0.296401, -0.012251, 0.0, 0.0, 0.0, 0.0, 1.0],
                [0.308817, -0.85721, -0.412097, 0.0, 0.122288, -0.393894, 0.910985, 0.350001, -0.943227, -0.331723, -0.016814, -0.0, 0.0, 0.0, 0.0, 1.0],
                [0.308817, -0.85721, -0.412097, 0.0, 0.122288, -0.393894, 0.910985, 0.350001, -0.943227, -0.331723, -0.016814, -0.0, 0.0, 0.0, 0.0, 1.0]
            ]
        },
        {
            "name": "Arm_L",
            "time": [0.0, 0.2, 0.3, 0.3667, 0.4, 0.5],
            "transform": [
                [-0.497205, 0.186296, 0.847397, -0.0, -0.843798, 0.123528, -0.52225, 0.388212, -0.20197, -0.974697, 0.095777, 0.0, 0.0, 0.0, 0.0, 1.0],
                [-0.903472, 0.062146, 0.424118, -0.0, -0.427294, -0.209137, -0.879592, 0.388212, 0.034035, -0.975909, 0.215504, -0.0, 0.0, 0.0, 0.0, 1.0],
                [-0.972059, 0.110744, 0.206971, -0.0, -0.234702, -0.443372, -0.865064, 0.388212, -0.004035, -0.88947, 0.456976, -0.0, 0.0, 0.0, 0.0, 1.0],
                [-0.885224, 0.443456, 0.140444, -0.0, -0.349958, -0.435999, -0.829117, 0.388212, -0.306443, -0.783104, 0.541148, -0.0, 0.0, 0.0, 0.0, 1.0],
                [-0.835673, 0.544318, 0.073261, 0.0, -0.330641, -0.392081, -0.858458, 0.388212, -0.43855, -0.741613, 0.507626, -0.0, 0.0, 0.0, 0.0, 1.0],
                [-0.835673, 0.544318, 0.073261, 0.0, -0.330641, -0.392081, -0.858458, 0.388212, -0.43855, -0.741613, 0.507626, -0.0, 0.0, 0.0, 0.0, 1.0]
            ]
        },
        {
            "name": "Hand_L",
            "time": [0.0, 0.2, 0.3, 0.3667, 0.4, 0.5],
            "transform": [
                [1.0, 0.0, 0.0, 0.0, -0.0, 0.985676, -0.168651, 0.329779, -1e-06, 0.168651, 0.985675, 0.0, 0.0, 0.0, 0.0, 1.0],
                [1.0, 0.0, 0.0, 0.0, -0.0, 0.943617, -0.331041, 0.329779, -0.0, 0.331041, 0.943616, -0.0, 0.0, 0.0, 0.0, 1.0],
                [1.0, 1e-06, 0.0, -0.0, -0.0, 0.874716, -0.484636, 0.329779, -0.0, 0.484636, 0.874716, 0.0, 0.0, 0.0, 0.0, 1.0],
                [1.0, 1e-06, 0.0, -0.0, -0.0, 0.782134, -0.62311, 0.329779, -1e-06, 0.62311, 0.782133, 0.0, 0.0, 0.0, 0.0, 1.0],
                [1.0, 1e-06, 0.0, -0.0, -0.0, 0.72846, -0.685088, 0.329779, -1e-06, 0.685089, 0.728459, 0.0, 0.0, 0.0, 0.0, 1.0],
                [1.0, 1e-06, 0.0, -0.0, -0.0, 0.72846, -0.685088, 0.329779, -1e-06, 0.685089, 0.728459, 0.0, 0.0, 0.0, 0.0, 1.0]
            ]
        },
        {
            "name": "Tool_L",
            "time": [0.0, 0.2, 0.3, 0.3667, 0.4, 0.5],
            "transform": [
                [1.0, 0.0, 0.0, 0.015497, -0.0, -1.0, 0.0, 0.243704, 0.0, 0.0, -1.0, 0.049055, 0.0, 0.0, 0.0, 1.0],
                [1.0, 0.0, 0.0, 0.016784, 0.0, -1.0, 0.0, 0.257339, 0.0, -0.0, -1.000001, 0.035039, 0.0, 0.0, 0.0, 1.0],
                [1.0, 0.0, 0.0, 0.01807, 0.0, -1.0, -0.0, 0.270974, 0.0, 0.0, -1.000001, 0.021024, 0.0, 0.0, 0.0, 1.0],
                [1.0, 0.0, 0.0, 0.019357, 0.0, -0.999999, 0.0, 0.284608, 0.0, 0.0, -1.000001, 0.007008, 0.0, 0.0, 0.0, 1.0],
                [1.0, 0.0, 0.0, 0.02, 0.0, -0.999999, 0.0, 0.291426, 0.0, -0.0, -1.000001, -0.0, 0.0, 0.0, 0.0, 1.0],
                [1.0, 0.0, 0.0, 0.02, 0.0, -0.999999, 0.0, 0.291426, 0.0, -0.0, -1.000001, -0.0, 0.0, 0.0, 0.0, 1.0]
            ]
        },
        {
            "name": "Elbow_L",
            "time": [0.0, 0.2, 0.3, 0.3667, 0.4, 0.5],
            "transform": [
                [-1.0, -0.0, -0.0, 0.0, 0.0, 0.084629, -0.996413, 0.329779, 0.0, -0.996413, -0.084629, 0.0, 0.0, 0.0, 0.0, 1.0],
                [-1.0, -0.0, -1e-06, 0.0, 1e-06, 0.167904, -0.985804, 0.329779, 0.0, -0.985804, -0.167904, -0.0, 0.0, 0.0, 0.0, 1.0],
                [-1.0, -0.0, -0.0, -0.0, 0.0, 0.250284, -0.968172, 0.329779, 0.0, -0.968172, -0.250283, 0.0, 0.0, 0.0, 0.0, 1.0],
                [-1.0, -0.0, -1e-06, -0.0, 0.0, 0.33005, -0.943964, 0.329779, 0.0, -0.943963, -0.33005, 0.0, 0.0, 0.0, 0.0, 1.0],
                [-1.0, -0.0, -0.0, -0.0, 0.0, 0.36847, -0.92964, 0.329779, 0.0, -0.92964, -0.36847, 0.0, 0.0, 0.0, 0.0, 1.0],
                [-1.0, -0.0, -0.0, -0.0, 0.0, 0.36847, -0.92964, 0.329779, 0.0, -0.92964, -0.36847, 0.0, 0.0, 0.0, 0.0, 1.0]
            ]
        }
    ]
}